2580.2056311942
2580.2056272302
2580.20562340867
2580.20561969632
2580.20561605656
2580.20561252457
2580.20560908825
2580.20560574837
2580.20560248663
2580.20559933235
2580.20559626377
2580.20559329186
2580.20559041133
2580.20558761422
2580.20558489503
2580.20558226134
2580.20557972356
2580.20557727166
2580.20557488662
2580.2055725576
2580.20557031541
2580.20556816031
2580.2055660714
2580.2055640354
2580.20556207434
2580.20556018453
2580.20555835624
2580.20555659344
2580.2055548871
2580.20555324507
2580.20555166649
2580.20555014702
2580.20554867303
2580.2055472521
2580.20554588663
2580.2055445805
2580.20554332765
2580.2055421172
2580.20554095596
2580.20553984511
2580.20553877777
2580.20553775204
2580.20553677202
2580.20553583489
2580.20553493445
2580.20553407128
2580.205533247
2580.20553246258
2580.20553171252
2580.20553099813
2580.20553031458
2580.20552966167
2580.20552904183
2580.20552845149
2580.20552789201
2580.20552736016
2580.20552685483
2580.20552637563
2580.20552592364
2580.20552549741
2580.20552509487
2580.20552471537
2580.2055243577
2580.20552402109
2580.20552370618
2580.20552341179
2580.20552313681
2580.20552287967
2580.20552264126
2580.20552242016
2580.20552221496
2580.20552202553
2580.20552185191
2580.20552169307
2580.20552154753
2580.20552141582
2580.20552129685
2580.20552118999
2580.2055210955
2580.20552101258
2580.2055209401
2580.20552087744
2580.20552082523
2580.20552078197
2580.20552074722
2580.2055207216
2580.20552070461
2580.20552069515
2580.20552069241
2580.20552069592
2580.20552070712
2580.20552072503
2580.20552074832
2580.20552077801
2580.20552081219
2580.2055208519
2580.20552089687
2580.20552094531
2580.2055209975
2580.20552105283
2580.20552111259
2580.20552117481
2580.20552124259
2580.20552131212
2580.20552138336
2580.20552145683
2580.20552153363
2580.20552161345
2580.20552169549
2580.20552177874
2580.20552186233
2580.20552194719
2580.2055220335
2580.20552212167
2580.20552221101
2580.20552230075
2580.20552239059
2580.20552248043
2580.20552257115
2580.20552266377
2580.20552275645
2580.20552284827
2580.20552294028
2580.20552303205
2580.20552312353
2580.20552321484
2580.20552330576
2580.20552339661
2580.20552348719
2580.20552357679
2580.20552366621
2580.20552375425
2580.20552384197
2580.20552392987
2580.20552401586
2580.20552410086
2580.20552418461
2580.20552426828
2580.20552435164
2580.20552443331
2580.20552451381
2580.2055245936
2580.20552467219
2580.20552475006
2580.20552482694
2580.20552490293
2580.20552497731
2580.20552505002
2580.20552512154
2580.20552519247
2580.20552526183
2580.20552533009
2580.20552539669
2580.20552546205
2580.20552552622
2580.20552558957
2580.20552565196
2580.20552571296
2580.20552577311
2580.20552583208
2580.20552588936
2580.20552594544
2580.20552600041
2580.20552605427
2580.20552610741
2580.20552615917
2580.20552620962
2580.20552625855
2580.2055263064
2580.2055263535
2580.2055263993
2580.20552644379
2580.20552648764
2580.20552653034
2580.20552657174
2580.20552661183
2580.2055266508
2580.2055266894
2580.20552672683
2580.20552676344
2580.20552679874
2580.20552683307
2580.2055268667
2580.20552689935
2580.20552693088
2580.2055269617
2580.20552699154
2580.20552702055
2580.20552704898
2580.20552707653
2580.20552710312
2580.20552712862
2580.20552715353
2580.20552717764
2580.20552720118
2580.20552722375
2580.2055272456
2580.20552726683
2580.20552728738
2580.20552730702
2580.2055273261
2580.20552734463
2580.20552736266
2580.2055273799
2580.20552739652
2580.20552741263
2580.20552742818
2580.20552744314
2580.20552745758
2580.20552747173
2580.20552748514
2580.20552749795
2580.20552751035
2580.2055275221
2580.20552753365
2580.2055275446
2580.20552755508
2580.2055275651
2580.20552757483
2580.2055275841
2580.20552759301
2580.20552760173
2580.20552760967
2580.20552761742
2580.20552762484
2580.20552763198
2580.20552763868
2580.20552764513
2580.20552765125
2580.20552765716
2580.20552766278
2580.20552766796
2580.20552767297
2580.20552767781
2580.20552768224
2580.2055276865
2580.20552769041
2580.20552769425
2580.20552769799
2580.20552770127
2580.20552770446
2580.20552770735
2580.20552771017
2580.20552771268
2580.2055277151
2580.20552771736
2580.20552771955
2580.20552772153
2580.20552772324
2580.20552772479
2580.20552772634
2580.20552772774
2580.20552772886
2580.20552773
2580.20552773103
2580.20552773195
2580.20552773264
2580.2055277332
2580.20552773386
2580.20552773431
2580.20552773469
2580.20552773497
2580.20552773523
2580.20552773541
2580.20552773558
2580.20552773556
2580.20552773542
2580.2055277354
2580.20552773516
2580.205527735
2580.20552773472
2580.20552773433
2580.20552773391
2580.2055277335
2580.20552773305
2580.2055277325
2580.20552773187
2580.20552773131
2580.20552773086
2580.20552773014
2580.20552772936
2580.20552772867
2580.20552772805
2580.20552772737
2580.2055277266
2580.20552772575
2580.20552772497
2580.20552772426
2580.20552772337
2580.20552772248
2580.20552772162
2580.20552772085
2580.20552772
2580.20552771911
2580.20552771829
2580.20552771731
2580.20552771644
2580.2055277156
2580.2055277147
2580.20552771385
2580.20552771294
2580.20552771212
2580.20552771131
2580.20552771045
2580.20552770958
2580.20552770856
2580.2055277078
2580.20552770695
2580.20552770606
2580.20552770526
2580.20552770441
2580.20552770366
2580.20552770281
2580.20552770197
2580.20552770127
2580.20552770059
2580.20552769981
2580.20552769904
2580.20552769824
2580.2055276975
2580.20552769664
2580.2055276959
2580.20552769516
2580.20552769452
2580.20552769373
2580.20552769305
2580.20552769243
2580.20552769178
2580.2055276912
2580.20552769065
2580.20552768992
2580.20552768926
2580.2055276886
2580.20552768811
2580.20552768746
2580.20552768695
2580.20552768634
2580.2055276858
2580.20552768515
2580.20552768478
2580.20552768428
2580.2055276839
2580.20552768328
2580.20552768265
2580.20552768222
2580.2055276819
2580.20552768143
2580.20552768102
2580.20552768055
2580.20552768006
2580.20552767981
2580.20552767938
2580.20552767901
2580.20552767849
2580.20552767834
2580.20552767786
2580.20552767752
2580.20552767709
2580.20552767697
2580.20552767653
2580.20552767621
2580.20552767597
2580.20552767575
2580.20552767533
2580.20552767498
2580.20552767476
2580.20552767459
2580.20552767431
2580.20552767407
2580.20552767384
2580.20552767364
2580.20552767344
2580.20552767327
2580.2055276731
2580.20552767288
2580.20552767265
2580.2055276725
2580.20552767232
2580.20552767208
2580.20552767201
2580.20552767179
2580.20552767152
2580.20552767139
2580.20552767119
2580.20552767118
2580.20552767101
2580.2055276708
2580.20552767065
2580.20552767056
2580.20552767042
2580.20552767013
2580.20552767008
2580.20552767009
2580.20552767003
2580.20552766984
2580.2055276698
2580.20552766975
2580.20552766963
2580.20552766964
2580.20552766958
2580.20552766949
2580.2055276694
2580.20552766939
2580.2055276693
2580.20552766928
2580.20552766919
2580.20552766913
2580.20552766908
2580.20552766898
2580.20552766897
2580.20552766887
2580.20552766886
2580.20552766877
2580.20552766867
2580.20552766863
2580.20552766864
2580.20552766864
2580.20552766853
2580.20552766858
2580.20552766852
2580.2055276685
2580.20552766847
2580.20552766854
2580.20552766849
2580.20552766833
2580.20552766833
2580.20552766844
2580.2055276684
2580.20552766839
2580.20552766833
2580.20552766834
2580.20552766824
2580.20552766821
2580.20552766824
2580.2055276683
2580.20552766831
2580.20552766825
2580.20552766832
2580.20552766821
2580.20552766821
2580.20552766831
2580.20552766831
2580.2055276682
2580.20552766815
2580.20552766823
2580.2055276683
2580.20552766836
2580.20552766832
2580.20552766835
2580.20552766836
2580.20552766829
2580.20552766827
2580.20552766842
2580.20552766845
2580.20552766829
2580.20552766825
2580.20552766833
2580.20552766836
2580.20552766836
2580.20552766844
2580.20552766839
2580.2055276684
2580.20552766845
2580.20552766849
2580.20552766855
2580.20552766854
2580.20552766851
2580.2055276684
2580.20552766833
2580.20552766836
2580.20552766829
2580.20552766839
2580.20552766835
2580.20552766845
2580.20552766849
2580.20552766853
2580.20552766858
2580.20552766866
2580.20552766863
2580.20552766851
2580.20552766855
2580.20552766864
2580.2055276686
2580.20552766864
2580.20552766869
2580.20552766866
2580.20552766859
2580.20552766854
2580.20552766859
2580.20552766859
2580.20552766866
2580.20552766861
2580.20552766852
2580.20552766855
2580.20552766862
2580.20552766868
2580.20552766866
2580.20552766868
2580.20552766867
2580.20552766867
2580.20552766869
2580.20552766879
2580.20477531311
2580.20061337086
2580.08596526365
2579.81583570414
2579.40234643564
2578.86529245584
2578.21021660122
2577.43971383905
2576.56308694213
2575.60933404719
2574.59787438105
2573.54372097875
2572.46123425473
2571.35777129396
2570.24162394074
2569.12122568294
2568.00442557119
2566.89782974802
2565.80305742504
2564.72463040022
2563.65778436102
2562.60656411086
2561.5666338145
2560.5405466736
2559.52351443593
2558.51637084824
2557.51795516857
2556.52569862372
2555.53320436277
2554.5482158176
2553.56338462098
2552.57669638324
2551.59117462073
2550.60574026146
2549.61962975174
2548.63429587548
2547.64758420942
2546.65932289836
2545.66984004676
2544.68132739069
2543.69230349393
2542.70512092154
2541.71805083815
2540.7298573374
2539.74248752443
2538.75652221074
2537.77392029165
2536.79314006759
2535.81205196196
2534.83083819998
2533.85498811128
2532.87853356416
2531.90443530924
2530.93117485683
2529.95935346341
2528.98879516582
2528.0203055089
2527.05151653801
2526.08321358885
2525.11689493955
2524.15173677653
2523.18661521595
2522.2226530049
2521.25902118101
2520.29834662276
2519.33672219662
2518.37607065272
2517.41359892169
2516.45558760594
2515.49764228827
2514.5374490407
2513.57727355535
2512.61793085225
2511.66365896512
2510.70784464081
2509.75248107864
2508.79762740037
2507.84228033854
2506.88958401614
2505.93602755128
2504.977947791
2504.02256255155
2503.06864057576
2502.11604733484
2501.1649112489
2500.2145541163
2499.26299907815
2498.31661728419
2497.36806598854
2496.41496574864
2495.46856395336
2494.51917847616
2493.57271140975
2492.62196621069
2491.66985523641
2490.71917520705
2489.77303817623
2488.82700914956
2487.87732586964
2486.93055324014
2485.98506689825
2485.03622121056
2484.09135430166
2483.14375305345
2482.19482578913
2481.25132828468
2480.30814020802
2479.35889611631
2478.41186410017
2477.46570687457
2476.52042158726
2475.57920405772
2474.63289231336
2473.68585028129
2472.7472542146
2471.80302403278
2470.85687180785
2469.91042737284
2468.97344565357
2468.02944889355
2467.08103991285
2466.1350426652
2465.18988600487
2464.2464268059
2463.30310705992
2462.35817797613
2461.41344011947
2460.47265417546
2459.5328673798
2458.59512785376
2457.6504846517
2456.7038569318
2455.76000601992
2454.81452124074
2453.87014226938
2452.92755274287
2451.98837857914
2451.05196189066
2450.10882016857
2449.16518793384
2448.21978323684
2447.27861812497
2446.34282188535
2445.40039720118
2444.45346322371
2443.50644183237
2442.56341280645
2441.62168768575
2440.68356619054
2439.74916773061
2438.80705927203
2437.86326189219
2436.92245567148
2435.97825226635
2435.03397854247
2434.09234982343
2433.15337221857
2432.21470656705
2431.27465301557
2430.33036710701
2429.38818179571
2428.45439421813
2427.51748425669
2426.57493273641
2425.62992025973
2424.6894221442
2423.74951325543
2422.80969336549
2421.86747256251
2420.92519330821
2419.98125403527
2419.03929761265
2418.10055717322
2417.16393176579
2416.22776617624
2415.28475509901
2414.34271560256
2413.40309433691
2412.46373210394
2411.53091408205
2410.59160836987
2409.65688454908
2408.71626582034
2407.77218467954
2406.830335609
2405.88785319914
2404.95272456813
2404.01183420798
2403.0752843425
2402.13597995608
2401.19517143537
2400.25024044787
2399.30738840589
2398.37579507926
2397.44030618526
2396.4991413731
2395.55551035617
2394.61646700741
2393.68992768949
2392.75052720945
2391.8090651994
2390.87430012916
2389.93449064334
2388.98939152398
2388.05027052217
2387.11940958739
2386.18084065788
2385.23480256288
2384.29286379468
2383.35661212411
2382.41732668441
2381.47535170449
2380.53560264867
2379.60917779645
2378.67713615359
2377.736872578
2376.79686163114
2375.86130965743
2374.92894783252
2373.98894958367
2373.04932121076
2372.11582633661
2371.17715119442
2370.24085508197
2369.30566662487
2368.37032207969
2367.43671596587
2366.499067599
2365.55773478273
2364.61962962827
2363.69773498493
2362.76300621615
2361.81899124101
2360.87583473133
2359.94403458923
2359.02023908936
2358.0846055649
2357.14348721076
2356.20197585582
2355.2615035862
2354.3239861783
2353.38534625477
2352.45410705455
2351.53054195184
2350.59358366773
2349.65514521192
2348.7304400429
2347.79461584671
2346.86579588096
2345.9212502087
2344.97407226844
2344.04300226302
2343.23953938982
2342.5747525395
2342.04228296697
2341.63393986522
2341.34751312187
2341.17855830175
2341.11051672518
2341.12413213715
2341.19945021029
2341.31776696055
2341.4614966972
2341.6251422784
2341.80043622517
2341.98642901438
2342.16223794128
2342.32314760141
2342.47042287209
2342.60365047681
2342.72387656566
2342.83341744574
2342.92446942016
2343.00197094301
2343.06970535651
2343.12715282532
2343.17669804379
2343.22122614938
2343.26234162665
2343.30267989474
2343.34132668878
2343.37917939591
2343.41782481127
2343.45918742464
2343.500371462
2343.54175132035
2343.58427832843
2343.62792206752
2343.67285998933
2343.71682732962
2343.75957128443
2343.80202230212
2343.84312997797
2343.88219151611
2343.91951454041
2343.95488465017
2343.98855749357
2344.02023825196
2344.04937950307
2344.07648899318
2344.1015469735
2344.12473153992
2344.14620664828
2344.16605567216
2344.18443790674
2344.20149282567
2344.21731352772
2344.23210302338
2344.24589029873
2344.2586545614
2344.27079302821
2344.28232917447
2344.29310009056
2344.30291096857
2344.3122673434
2344.3209755023
2344.32893877126
2344.33655618489
2344.34382316282
2344.35027792772
2344.35581361852
2344.36128164166
2344.36656696444
2344.37112548605
2344.37462970129
2344.37787662813
2344.38031296066
2344.38287514859
2344.38516160727
2344.3868112412
2344.38797780218
2344.38880988497
2344.38942376706
2344.38958472979
2344.38893348483
2344.3881807691
2344.38743200827
2344.38619011626
2344.38502115073
2344.38322733212
2344.38166138854
2344.37989025276
2344.37784196239
2344.37560698426
2344.37328828552
2344.37084526837
2344.36809222218
2344.36568081984
2344.36337783168
2344.36070205953
2344.35722592811
2344.3541149859
2344.35121881256
2344.34784085119
2344.34390802997
2344.34053460677
2344.33729632498
2344.33344195385
2344.32983905434
2344.32641129054
2344.32292025002
2344.31938039219
2344.31572998741
2344.31175086536
2344.30765422104
2344.30396752838
2344.30020728849
2344.29665639491
2344.29295927839
2344.2891153194
2344.2854749158
2344.28222813476
2344.27893144412
2344.27512155785
2344.27155147583
2344.26796111949
2344.26459978674
2344.26133320929
2344.25779829476
2344.25441839478
2344.25117754402
2344.24772071239
2344.24448771444
2344.2414418621
2344.2384072937
2344.2352431467
2344.23202821526
2344.22895203535
2344.22594747014
2344.2230175703
2344.22007372245
2344.21723236268
2344.21450597554
2344.21176359659
2344.20891166498
2344.20623232375
2344.2035392465
2344.20108843496
2344.19873295219
2344.19634732943
2344.19401638069
2344.19172085463
2344.18946881758
2344.18726498118
2344.1851062599
2344.18299122134
2344.18091876059
2344.17890397503
2344.17695791273
2344.17498434391
2344.17300972531
2344.1711786336
2344.16946316836
2344.1677826179
2344.16601819912
2344.16437926656
2344.16278659125
2344.16118214884
2344.15970683572
2344.15831139655
2344.15694053638
2344.15556608708
2344.15419341321
2344.15288753024
2344.15162493346
2344.15037561125
2344.14916265776
2344.14797893174
2344.14685419616
2344.14576204989
2344.14469254529
2344.14366411277
2344.14264581114
2344.14168379336
2344.14078344109
2344.1399118494
2344.1390611151
2344.13820671574
2344.1374253754
2344.13668650128
2344.13594232797
2344.13522996187
2344.13454671041
2344.13390002181
2344.13327958121
2344.13267054139
2344.13208513436
2344.13152439828
2344.13098685433
2344.13046287851
2344.1299436348
2344.12945638105
2344.12899836646
2344.12854816655
2344.12812685957
2344.12772778581
2344.12734636327
2344.12698110547
2344.12662681177
2344.12629265054
2344.12598089734
2344.12568348287
2344.12539755352
2344.1251264523
2344.12487067453
2344.1246271776
2344.12439424331
2344.12417486742
2344.12396851698
2344.12377342574
2344.12358954839
2344.12341659488
2344.12325440484
2344.12310328466
2344.12296038481
2344.12282624992
2344.12270314778
2344.12258790044
2344.12248061032
2344.12238129155
2344.12228969475
2344.12220477278
2344.12212770954
2344.12205798305
2344.12199487789
2344.12193901193
2344.12188762539
2344.12184235368
2344.12180366319
2344.12176799819
2344.12173759731
2344.12171410549
2344.12169376737
2344.12167595565
2344.12166364077
2344.12166123353
2344.12165870041
2344.12165650085
2344.12166286398
2307.25125798069
2238.30338174238
2268.70595764871
2430.71546237778
2583.69772499311
2631.24499161326
2589.60369852805
2498.59215184182
2433.99126670304
2426.7518373891
2475.11233390512
2529.59392643311
2540.73438895919
2501.70140093458
2436.70298660565
2380.26636544364
2357.6647919919
2367.2624568844
2384.88114653699
2386.76883245973
2366.34026235338
2333.04149827107
2302.43060373688
2286.32279038772
2286.40469144535
2294.87087875856
2301.45853438934
2300.45400612691
2292.80428453357
2283.61748703227
2278.24233149732
2279.15212215817
2285.03419232613
2292.30071618395
2297.66355381219
2299.89059791591
2299.91247955019
2299.74515858024
2301.04469875796
2304.21429827143
2308.40685708735
2312.30837504703
2314.90219321725
2316.07607300873
2316.41924088492
2316.72605215949
2317.50835840001
2318.75837496024
2320.09412023422
2321.04757220788
2321.39627186339
2321.23721810858
2320.87287036842
2320.59581045954
2320.54346786147
2320.65331188689
2320.75712567634
2320.71069294483
2320.48178848956
2320.14934414205
2319.83671538932
2319.63367461145
2319.55547745577
2319.55095189409
2319.54989655506
2319.50862965744
2319.42889559741
2319.34684796627
2319.30245882161
2319.31527258453
2319.37492034344
2319.45310448423
2319.52373022435
2319.57342705702
2319.60774647549
2319.64129996661
2319.68606496326
2319.7439013023
2319.80731583972
2319.86424047786
2319.90665644396
2319.93299164115
2319.94848067468
2319.95887936467
2319.96816895967
2319.97622048861
2319.97961498355
2319.97507093999
2319.96120760695
2319.9393742747
2319.91250573515
2319.88322358779
2319.85288882016
2319.82112558241
2319.78694295663
2319.74968470494
2319.70942757857
2319.66708609107
2319.6240557975
2319.58115727696
2319.53873199884
2319.4964720376
2319.45401152738
2319.41106987239
2319.36788422722
2319.32483880152
2319.28230828173
2319.24043230673
2319.19922163405
2319.15840926222
2319.11792076456
2319.0775235637
2319.03743288546
2318.99763948375
2318.95823603752
2318.91940797969
2318.88093269139
2318.84283765273
2318.8049581091
2318.76730136096
2318.72991445967
2318.69287637483
2318.65627721419
2318.620117366
2318.58438783628
2318.54902203693
2318.51400501885
2318.47940315283
2318.44525268129
2318.41156046253
2318.37840954924
2318.34578145085
2318.31364984591
2318.28206999501
2318.25100614866
2318.22050718339
2318.19058216785
2318.16123964591
2318.13246450436
2318.10434788008
2318.07673248095
2318.04974564801
2318.02341999124
2317.99753707125
2317.97228616893
2317.94762257862
2317.92358563393
2317.90002186041
2317.87711146726
2317.85479858048
2317.83301680822
2317.81176423158
2317.79105632535
2317.77092912238
2317.75131105022
2317.73228979748
2317.71373859861
2317.69575528383
2317.67818515847
2317.66111788024
2317.64457317619
2317.62844404344
2317.61281775662
2317.5976692655
2317.582965518
2317.56869011834
2317.55484610711
2317.54143602558
2317.52845536884
2317.51589735385
2317.50375243933
2317.49198823528
2317.48061048323
2317.46961911074
2317.45900547553
2317.44876111746
2317.43883229322
2317.4292733581
2317.42005639778
2317.41116017788
2317.40258046585
2317.39431173046
2317.38634707173
2317.37868415241
2317.3713045257
2317.36421005287
2317.35741238153
2317.35083631764
2317.34453446148
2317.33848889936
2317.33268400785
2317.32710845358
2317.32175260385
2317.31663502649
2317.31174627116
2317.30704473962
2317.30255648123
2317.29826942745
2317.29417252009
2317.29026047406
2317.28652880661
2317.2829745223
2317.27959365046
2317.27635775469
2317.27328914489
2317.27037488567
2317.26761181833
2317.26497900485
2317.2624827873
2317.26012073477
2317.25788874653
2317.2557749332
2317.25378346213
2317.25190347626
2317.25012941282
2317.24846375855
2317.24689986693
2317.24543150874
2317.24405597535
2317.24277088534
2317.24157295806
2317.24045424142
2317.23941414155
2317.23845340115
2317.23756336372
2317.23674383034
2317.2359901749
2317.23529989855
2317.23467125284
2317.23410087487
2317.23358498845
2317.23312364168
2317.23271027941
2317.23234695867
2317.23202689403
2317.23175235326
2317.23151940526
2317.2313245729
2317.23116841416
2317.23104743443
2317.23095838017
2317.23090134235
2317.23087406522
2317.23087505587
2317.23090331123
2317.23095625305
2317.23103170818
2317.23112970069
2317.23124668451
2317.23138447921
2317.23154039963
2317.23171160858
2317.23189948515
2317.23210195398
2317.23231760897
2317.23254574966
2317.23278509448
2317.23303509081
2317.23329454174
2317.23356293866
2317.23383902466
2317.23412166958
2317.23441086321
2317.23470534336
2317.2350050796
2317.23530950928
2317.23561760619
2317.23592911177
2317.23624325194
2317.23655936878
2317.2368765622
2317.2371951564
2317.23751394129
2317.23783301134
2317.23815166102
2317.23846994092
2317.2387877522
2317.2391043022
2317.23941916391
2317.23973202307
2317.24004251399
2317.2403503925
2317.24065590852
2317.24095873514
2317.24125844846
2317.24155508303
2317.2418481624
2317.24213731149
2317.24242274131
2317.24270447839
2317.24298232377
2317.2432559933
2317.24352499794
2317.2437906435
2317.24405133811
2317.24430778678
2317.24456000014
2317.2448077079
2317.24505055601
2317.24528936947
2317.24552317779
2317.24575220056
2317.24597700812
2317.24619737152
2317.24641306458
2317.24662397858
2317.24682985889
2317.24703149746
2317.24722832804
2317.2474208746
2317.24760882541
2317.24779208374
2317.2479714536
2317.24814607063
2317.24831614571
2317.24848194271
2317.24864324725
2317.24880111173
2317.24895427025
2317.24910313298
2317.24924799884
2317.24938908288
2317.24952624887
2317.24965950101
2317.24978896138
2317.24991454047
2317.25003624894
2317.2501542062
2317.25026900428
2317.25038010523
2317.25048762216
2317.25059218281
2317.25069319118
2317.2507907972
2317.25088565567
2317.2509772013
2317.25106561296
2317.25115141098
2317.25123415643
2317.25131403171
2317.25139115978
2317.25146567227
2317.25153749296
2317.25160675972
2317.2516734395
2317.2517376489
2317.25179963229
2317.25185923577
2317.25191659799
2317.25197174615
2317.25202472791
2317.25207563084
2317.25212455657
2317.25217151943
2317.25221654912
2317.25225963397
2317.25230112343
2317.25234078387
2317.25237873278
2317.25241504779
2317.25244980068
2317.25248289468
2317.25251462433
2317.2525448776
2317.25257364722
2317.25260123905
2317.25262743224
2317.25265231426
2317.25267599833
2317.25269863636
2317.25272004486
2317.25274031088
2317.25275955014
2317.25277776287
2317.25279499853
2317.25281124894
2317.25282655527
2317.25284112266
2317.2528547634
2317.25286753786
2317.25287953135
2317.25289085485
2317.25290137548
2317.25291122778
2317.25292046407
2317.25292903008
2317.25293695728
2317.25294427878
2317.25295103331
2317.25295732928
2317.25296308023
2317.25296830168
2317.25297304752
2317.25297737158
2317.25298126127
2317.25298472737
2317.2529878014
2317.25299051219
2317.25299286642
2317.25299492069
2317.25299661887
2317.25299800671
2317.25299914123
2317.25299998499
2317.25300056479
2317.25300091555
2317.25300103551
2317.25300094995
2317.25300064722
2317.25300016116
2317.25299947246
2317.25299862505
2317.25299762361
2317.25299648979
2317.25299519604
2317.2529937805
2317.25299225123
2317.25299059669
2317.25298883803
2317.25298700595
2317.25298507826
2317.2529830706
2317.25298098287
2317.25297883763
2317.25297663694
2317.25297436514
2317.25297207026
2317.25296971831
2317.25296733207
2317.2529649184
2317.25296246483
2317.25295999275
2317.25295752189
2317.25295503173
2317.25295252991
2317.25295001064
2317.252947476
2317.25294495833
2317.25294245905
2317.25293994751
2317.2529374431
2317.25293493899
2317.25293246781
2317.25293001691
2317.25292756551
2317.25292514367
2317.25292274525
2317.25292036545
2317.25291800824
2317.25291566513
2317.25291336488
2317.25291109983
2317.25290885999
2317.25290663832
2317.25290445958
2317.25290231257
2317.25290018677
2317.25289811109
2317.25289607198
2317.25289405456
2317.25289208244
2317.25289014354
2317.25288823494
2317.25288637221
2317.25288453491
2317.25288273854
2317.25288098285
2317.25287925673
2317.25287758474
2317.25287593059
2317.25287431711
2317.2528727406
2317.25287120815
2317.25286970286
2317.25286823292
2317.25286680245
2317.25286539668
2317.2528640292
2317.25286270544
2317.25286141067
2317.25286015133
2317.25285892666
2317.25285772619
2317.25285655945
2317.25285543454
2317.25285433396
2317.25285326481
2317.25285222931
2317.25285122077
2317.25285024468
2317.25284928645
2317.25284837478
2317.2528474795
2317.25284661701
2317.25284576366
2317.25284494618
2317.25284417362
2317.25284341979
2317.25284267641
2317.25284195132
2667.65482402524
3035.24810106903
3143.87704339049
3077.01600236417
2990.15815791195
2959.32709792996
2926.04580349815
2844.29411640024
2750.62758607397
2691.70380939336
2661.24666254034
2628.95215901219
2577.52881885858
2508.69760043521
2441.59378439602
2395.57647814561
2374.74466966845
2368.19510603026
2362.61210030659
2352.23651272748
2338.31838496273
2324.9614943612
2315.84046612109
2312.49126990262
2314.10100637029
2318.27210745741
2322.64549739926
2325.78145738085
2327.58483654387
2328.61549931927
2329.72229541628
2331.41750119254
2333.70280716218
2336.12687819248
2338.16666457148
2339.48123560035
2340.07581594123
2340.21107684024
2340.20293894339
2340.27480095695
2340.46728614666
2340.68933998949
2340.81698423201
2340.78503045457
2340.61312437722
2340.39022483395
2340.202615672
2340.10654220029
2340.09915253947
2340.14393705527
2340.19853078896
2340.23779510239
2340.26139132969
2340.286563329
2340.33169416423
2340.40496573607
2340.50057046827
2340.60503817533
2340.70464340466
2340.79209877874
2340.86710871395
2340.93472950252
2341.00101993253
2341.06798640681
2341.13486534449
2341.19887585567
2341.25731974828
2341.309056338
2341.35531944834
2341.39802210406
2341.43919643019
2341.48002393627
2341.5206226788
2341.56001377412
2341.59792942026
2341.63396641204
2341.66859979426
2341.70242362995
2341.73587913444
2341.76912540387
2341.8020839881
2341.83442178455
2341.86583303062
2341.89624970889
2341.92578066933
2341.95457930273
2341.98272131084
2342.0101964887
2342.03703689969
2342.0633234421
2342.08860030856
2342.11291220991
2342.13641430645
2342.1592670604
2342.18145022859
2342.20297390464
2342.22382405369
2342.24418293083
2342.26379747018
2342.28273323355
2342.30103114375
2342.31878387733
2342.33602912462
2342.35280894226
2342.36909056191
2342.38484760057
2342.40015688021
2342.41491427624
2342.4293015918
2342.44319273705
2342.4567282132
2342.46977414563
2342.48237754213
2342.49456798298
2342.50636075433
2342.51781639538
2342.52893110934
2342.53968139757
2342.55006465645
2342.56007603176
2342.5697482315
2342.57908724582
2342.58814332463
2342.59690220718
2342.60533632464
2342.61352656691
2342.62137809664
2342.62893385375
2342.63625870973
2342.64330082203
2342.6500786119
2342.65660487216
2342.66292166124
2342.66900814114
2342.67485268945
2342.68051261358
2342.68591816194
2342.69111472261
2342.69609229948
2342.70089630623
2342.70551190604
2342.70995306164
2342.71423729998
2342.71832055585
2342.72221833133
2342.72595331443
2342.72954150509
2342.73297923842
2342.73626869642
2342.73940793738
2342.74241524623
2342.74528586359
2342.74802253741
2342.75063552316
2342.75312690712
2342.75550285885
2342.75777504128
2342.759924332
2342.76196982407
2342.76390543991
2342.76574521712
2342.76749087726
2342.76914699341
2342.77071224595
2342.77219500159
2342.77358638241
2342.77490609794
2342.77614357917
2342.77730899299
2342.77840250464
2342.77943082394
2342.78039137259
2342.78128986859
2342.78212814226
2342.78290926243
2342.78363365471
2342.78430399026
2342.78492253661
2342.7854922082
2342.78601528557
2342.78649115127
2342.7869272837
2342.78732135857
2342.78767357742
2342.78798980288
2342.78826790614
2342.78851213236
2342.78872523039
2342.78890638852
2342.78905806061
2342.78917914764
2342.78927488419
2342.78935033709
2342.78939438408
2342.78941855939
2342.78942240695
2342.78940557744
2342.78937168151
2342.78931683287
2342.78924139519
2342.78915119366
2342.78904920371
2342.78893212486
2342.78880104082
2342.78865722379
2342.78849982592
2342.78833445045
2342.78815689935
2342.78797189002
2342.7877809202
2342.78758129858
2342.78737162365
2342.78715871044
2342.78693633037
2342.78670715713
2342.78647387313
2342.78623786761
2342.78599518818
2342.78575605972
2342.78551031598
2342.78526112052
2342.78500625036
2342.78475305611
2342.78450246871
2342.78424631097
2342.78399127655
2342.7837383656
2342.78348079263
2342.78322469486
2342.78297131345
2342.78271673609
2342.78246329866
2342.78221133711
2342.78196241742
2342.78171429692
2342.78146613787
2342.78121919393
2342.78097683181
2342.78073587119
2342.78050018774
2342.78026668341
2342.78003400435
2342.77980321588
2342.77957521871
2342.77935113372
2342.779129329
2342.7789125417
2342.77870020923
2342.77849149578
2342.77828531008
2342.77808097153
2342.77787871386
2342.77768048428
2342.77748634818
2342.77729717691
2342.7771122002
2342.77693090452
2342.7767524362
2342.77657655464
2342.77640427
2342.77623557163
2342.77607054735
2342.77590933093
2342.7757519577
2342.77559801025
2342.77544742057
2342.77530137333
2342.77515781006
2342.77501748131
2342.77488046822
2342.7747474421
2342.77461824262
2342.77449180146
2342.77436890143
2342.77424829298
2342.77413161139
2342.77401759026
2342.77390704809
2342.77379873266
2342.77369471907
2342.77359350566
2342.77349537904
2342.77340009248
2342.77330747218
2342.77321697357
2342.77312917114
2342.77304419024
2342.77296241827
2342.77288294542
2342.77280622989
2342.77273201751
2342.7726599787
2342.77259020044
2342.77252243646
2342.77245704875
2342.77239412569
2342.77233354359
2342.77227545884
2342.77221897481
2342.77216444855
2342.77211183595
2342.77206135975
2342.77201257798
2342.77196568915
2342.77192062755
2342.77187738755
2342.77183587
2342.77179599054
2342.7717576139
2342.77172076656
2342.7716854957
2342.77165166574
2342.77161919643
2342.77158821931
2342.77155862363
2342.77153040488
2342.77150345543
2342.77147766847
2342.77145301901
2342.77142957497
2342.7714072245
2342.77138606336
2342.77136592412
2342.77134674564
2342.77132865967
2342.77131138607
2342.77129514119
2342.7712797945
2342.77126529313
2342.77125160278
2342.77123867578
2342.77122653775
2342.77121518689
2342.77120453834
2342.77119457427
2342.77118527437
2342.77117662992
2342.77116853022
2342.77116107601
2342.77115418415
2342.77114783758
2342.77114200095
2342.77113664845
2342.77113183471
2342.7711274256
2342.7711234953
2342.77111996538
2342.77111686012
2342.77111414479
2342.77111172822
2342.7711097125
2342.77110803606
2342.77110663464
2342.77110557112
2342.77110485459
2342.77110436985
2342.77110409031
2342.77110405449
2342.77110428079
2342.77110474418
2342.77110544407
2342.77110631887
2342.77110735212
2342.77110854761
2342.77110988087
2342.77111138697
2342.77111305488
2342.77111488059
2342.77111683707
2342.77111889982
2342.7711210787
2342.77112331907
2342.77112561757
2342.77112804365
2342.77113054564
2342.77113308044
2342.77113574986
2342.77113845324
2342.77114116373
2342.77114396507
2342.77114683513
2342.77114970428
2342.77115257064
2342.77115548791
2342.77115842547
2342.77116136573
2342.77116434884
2342.77116733834
2342.7711703379
2342.77117331481
2342.77117631011
2342.77117926843
2342.77118220337
2342.77118514602
2342.77118812184
2342.77119104723
2342.77119396258
2342.77119685452
2342.77119972402
2342.77120252962
2342.77120533265
2342.77521908732
2342.79915180093
2343.53209665298
2345.25065311991
2347.8226090897
2351.07020656636
2354.93717080417
2359.40454204516
2364.43673683096
2369.90110828164
2375.70824015381
2381.77232173714
2388.04626884998
2394.50776310459
2401.06949259608
2407.73313438268
2414.42338211889
2421.123691973
2427.84201627319
2434.51010532688
2441.17009365134
2447.77374540525
2454.34512823279
2460.86689118207
2467.38923978225
2473.85438059684
2480.2689947825
2486.66255413266
2493.0127066952
2499.34940389716
2505.65193441412
2511.93865297959
2518.22788270171
2524.48504130236
2530.72862336481
2536.94872148012
2543.17455607167
2549.39411080647
2555.58559558124
2561.77997327891
2567.97068349595
2574.13482050497
2580.30356493697
2586.4569280085
2592.57949718035
2598.71814489183
2604.86760376987
2610.98777185539
2617.09914113337
2623.22343449733
2629.34205126269
2635.42848822676
2641.48983245615
2647.52809746141
2653.62660319712
2659.74088872952
2665.84345063829
2671.8770131874
2677.9424914895
2684.02465153307
2690.09931119515
2696.1838270754
2702.22392880956
2708.25981624351
2714.30622054706
2720.33416794435
2726.39091038851
2732.44066360263
2738.47279683776
2744.50079534445
2750.53979508269
2756.56986298116
2762.60557672875
2768.6318249344
2774.65678806837
2780.68732703285
2786.71047504763
2792.74816550948
2798.77880394951
2804.80801597116
2810.838439077
2816.86555898831
2822.89401032313
2828.93410057526
2834.97062563254
2841.00461830707
2847.03526287623
2853.06153690542
2859.1054282749
2865.13669380043
2871.19361131692
2877.23938104172
2883.28437444823
2889.32497147691
2895.37390119943
2901.41980344286
2907.45191374212
2913.51170872889
2919.57121210659
2925.62945918623
2931.71222696325
2937.76257865468
2943.83402223174
2949.89203783488
2955.9793866625
2962.03913178762
2968.11730383918
2974.20602302727
2980.30888265348
2986.39486527397
2992.49309205782
2998.57299598749
3004.63277643684
3010.72060419408
3016.84466386928
3022.96496097045
3029.06075075
3035.14141905114
3041.23872966465
3047.35206667238
3053.44027671896
3059.57179765939
3065.73034068078
3071.90548421959
3078.03613616311
3084.16449298187
3090.28868761477
3096.42189022048
3102.57494981236
3108.73230715708
3114.91387208679
3121.0949075118
3127.25417651863
3133.41602517492
3139.57276631986
3145.73095206548
3151.90532264288
3158.07291719485
3164.24398399271
3170.43165398183
3176.61484642282
3182.80041165632
3188.98962846613
3195.18862973046
3201.38222703838
3207.58389957259
3213.78832584341
3220.00397190918
3226.21876637538
3232.42752179423
3238.65099061893
3244.88181902892
3251.10925229219
3257.3395004456
3263.5842168613
3269.82133725403
3276.04995729868
3282.30621133939
3288.55884903289
3294.80745172542
3301.06359076132
3307.33017313397
3313.5771194792
3319.85644237693
3326.12817406804
3332.39814498702
3338.68759452827
3344.96733959667
3351.24925439085
3357.53587124293
3363.82763035068
3370.12634252895
3376.41939709915
3382.73054425597
3389.02155633292
3395.32800359944
3401.64386353034
3407.96050285241
3414.27950629917
3420.61669330735
3426.92209934606
3433.25225404906
3439.59580968529
3445.94058495248
3452.25792246416
3458.59410334693
3464.95419228936
3471.31481395789
3477.68259082864
3484.0346001183
3490.3860180507
3496.74649347812
3503.07333853527
3509.45566147813
3515.87100224291
3522.28120915171
3528.67740262287
3535.02819599007
3541.42155179813
3547.78252448579
3554.13351508138
3560.51375463509
3566.29094607019
3571.12388959322
3575.05129026795
3578.23445313262
3580.81019743772
3582.73252639074
3584.10448455288
3585.07774033325
3585.7338196427
3586.11308542145
3586.18521019948
3586.03275703185
3585.82515268969
3585.55750226404
3585.19680202233
3584.80183224544
3584.39913071648
3583.99163229282
3583.5857972193
3583.19450946983
3582.82561686822
3582.48294024438
3582.16931083104
3581.88110388805
3581.61472131338
3581.36928494445
3581.14368788251
3580.9366734595
3580.74500220329
3580.56707047953
3580.40123599496
3580.24548674058
3580.09689368102
3579.95804747665
3579.82559870481
3579.69860477132
3579.57607522299
3579.45759956163
3579.34432661651
3579.23431016006
3579.12737104894
3579.02510292755
3578.92595652579
3578.82982854808
3578.73612670798
3578.64757127905
3578.56082063297
3578.47831496994
3578.39813106166
3578.32088453406
3578.24629064121
3578.17421459138
3578.10470867108
3578.03894138311
3577.97659400768
3577.91605711081
3577.8574103032
3577.8011855419
3577.74797502952
3577.69680037745
3577.64818670996
3577.60125271625
3577.55577993478
3577.51303052381
3577.47251361467
3577.43399208926
3577.39649335236
3577.36021857309
3577.32604946145
3577.29353078632
3577.26243800531
3577.23264351966
3577.20456456057
3577.17771406905
3577.15202617146
3577.12751970987
3577.10403589351
3577.08153244252
3577.0606636033
3577.04112160785
3577.02222958269
3577.00410327578
3576.98668248527
3576.97044443211
3576.95522092404
3576.94042069554
3576.92699604372
3576.91401690081
3576.90151818402
3576.88975733295
3576.87867091103
3576.86833133891
3576.85847129078
3576.84934537296
3576.84077787749
3576.83283807602
3576.82520349625
3576.81827423909
3576.8116728248
3576.80552727514
3576.79971605871
3576.79415415165
3576.78925326474
3576.78466076489
3576.78051564848
3576.77663572972
3576.77305838854
3576.76961181956
3576.76647333652
3576.76384651312
3576.76145517171
3576.75914522569
3576.7570939336
3576.7552553035
3576.75372746218
3576.7524322949
3576.7513459905
3576.75029706037
3576.7494475594
3576.74878543839
3576.74827730365
3576.74785450844
3576.74750504191
3576.74752067062
3576.74758188913
3576.74766295361
3576.74788136501
3576.74820983423
3576.74865181451
3576.74908677298
3576.74975524573
3576.75042398936
3576.75115390838
3576.75196379225
3576.75287089996
3576.75380943544
3576.75477702443
3576.75577365536
3576.75685519271
3576.75796953797
3576.75910499848
3576.76030952104
3576.76155359975
3576.76282831846
3576.76408618118
3576.76535681404
3576.7666871034
3882.44551557785
4220.2133892663
4318.90471876305
4279.79881390844
4190.22807932697
4137.88180661214
4142.21834983714
4099.70328110944
4034.95117238668
3979.67604681574
3931.43976719502
3886.81952256969
3837.23497662482
3786.17649457348
3745.65341715985
3719.3744685826
3701.24520101
3684.82678820463
3668.61178711934
3654.54925510977
3644.63242795054
3639.17140145761
3637.06233884726
3636.90794344302
3637.77553908079
3639.28466343866
3641.34815380599
3643.90860114197
3646.84380745676
3649.97927194144
3653.1428576896
3656.20119674735
3659.0846912318
3661.77531618428
3664.25385541304
3666.54393305777
3668.65161162891
3670.58245448249
3672.35687200016
3673.9739994491
3675.46370175845
3676.85270121946
3678.14255005482
3679.34447562375
3680.49146813108
3681.56915998018
3682.61068664538
3683.6185230505
3684.59377271881
3685.53523729657
3686.44493947406
3687.32755022468
3688.17819168093
3689.02752669545
3689.84763003975
3690.6520047322
3691.44213654745
3692.22174061512
3692.97609383506
3693.71572805655
3694.42698391534
3695.12635960932
3695.8175227121
3696.48952326963
3697.1406533716
3697.77849730142
3698.39011559746
3698.99194191588
3699.57483684746
3700.13926550602
3700.69621015282
3701.26157724025
3701.81484633864
3702.36001519181
3702.87334309557
3703.36125581068
3703.86387202318
3704.36551656494
3704.85926896726
3705.33567846108
3705.78023476174
3706.22631702519
3706.67312546137
3707.10025876985
3707.56632756268
3708.03285687237
3708.44635453208
3708.81575752302
3709.19167892485
3709.61484365679
3710.04211196788
3710.44993491712
3710.81192097468
3711.20496844212
3711.59035761682
3711.97016218782
3712.35914863723
3712.74234283982
3713.11859025541
3713.49004598464
3713.85809467008
3714.2282277996
3714.55409200986
3714.87522854414
3715.22582983911
3715.57240853085
3715.927918313
3716.2858419638
3716.64135864118
3716.98071857082
3717.3249157806
3717.65718228422
3717.96228202702
3718.27306399597
3718.6035131748
3718.94635288092
3719.25946538273
3719.54824079168
3719.86402836598
3720.1910870502
3720.51143641111
3720.82225814129
3721.12664720425
3721.42743003814
3721.72593171434
3722.02312085182
3722.31914692841
3722.61257095471
3722.90511668819
3723.19472814606
3723.48218574319
3723.76671792888
3724.04984084977
3724.33028195479
3724.60799269462
3724.88380683205
3725.15915849269
3725.43147104401
3725.70071258548
3725.96870471395
3726.23503782712
3726.49921747925
3726.76224287732
3727.02222639079
3727.28022577599
3727.53637927404
3727.79176245466
3728.04422667494
3728.29419541915
3728.5434207662
3728.79120819706
3729.03462386108
3729.27870335305
3729.5216565989
3729.76151636601
3729.99826868412
3730.23229510963
3730.46760702361
3730.70161806068
3730.93247263677
3731.16061101928
3731.38686289926
3731.6125188287
3731.83584153406
3732.05688967521
3732.27709374268
3732.49477564638
3732.71161692832
3732.92690326616
3733.14079179761
3733.35166925639
3733.56027656292
3733.76762319855
3733.97444407443
3734.17871298149
3734.38038231983
3734.58282340051
3734.78309286329
3734.98087590535
3735.17679995153
3735.37113802197
3735.56380409879
3735.75510385243
3735.94523572422
3736.13334955143
3736.32050231932
3736.50527019964
3736.68800774066
3736.87034896954
3737.05108249243
3737.22957966476
3737.40705756648
3737.58343692586
3737.75759929443
3737.93034278552
3738.10171761545
3738.27160164086
3738.44063428339
3738.6078998373
3738.77353594583
3738.93762040332
3739.10023155489
3739.26215947202
3739.42202697164
3739.58041354911
3739.73782787653
3739.894310392
3740.04826712609
3740.20210434166
3740.35423531784
3740.50474445807
3740.6532294707
3740.80200730468
3740.94907590091
3741.09406458538
3741.23858403348
3741.38211927273
3741.52410510809
3741.66457454324
3741.80375408868
3741.94168519424
3742.07871922426
3742.21458321943
3742.34915590614
3742.48296339568
3742.61530857707
3742.74626652525
3742.87601647494
3743.00508600021
3743.13281968166
3743.25925006489
3743.38485635717
3743.50873544219
3743.63224387511
3743.75477651351
3743.87567182744
3743.9958636873
3744.1150883865
3744.23360138978
3744.35035204373
3744.46595080267
3745.10774320401
3746.05954915769
3747.07103812127
3748.0500059144
3748.92805005411
3749.63415972568
3750.12837040423
3750.41996998716
3750.54491475203
3750.54345389529
3750.45689673106
3750.31943601003
3750.15492179895
3749.9772502886
3749.79404414079
3749.61028949348
3749.43031447995
3749.25828319299
3749.0970393253
3748.94876205209
3748.81391560133
3748.69283633479
3748.58449449861
3748.48766331022
3748.40105512815
3748.32323264602
3748.25285129646
3748.18866234155
3748.12947494936
3748.07422278257
3748.02201886467
3747.97220443543
3747.92405417507
3747.8770590763
3747.83082829811
3747.78511873393
3747.73980594457
3747.69478998322
3747.64995455924
3747.60522099943
3747.56060204655
3747.5161565249
3747.47193051051
3747.42801565219
3747.38448687779
3747.34135459539
3747.29864194285
3747.25642059014
3747.21476769678
3747.17373729593
3747.13331792635
3747.09353178176
3747.05439861348
3747.01596581873
3746.97824621234
3746.94126995461
3746.90503366947
3746.86955954408
3746.8348256545
3746.80083153894
3746.76758964493
3746.7350979209
3746.70334904742
3746.67231759942
3746.64202150377
3746.61243631371
3746.58357522668
3746.55541821439
3746.52795805879
3746.50119710176
3746.47509080466
3746.4496714727
3746.42492488763
3746.40083420259
3746.37740850915
3746.35462167204
3746.33245504544
3746.31091071732
3746.2899713111
3746.26963035564
3746.24988983591
3746.23074437749
3746.21216546195
3746.19414682227
3746.17669355206
3746.15975335322
3746.14334760296
3746.12744976309
3746.11206624228
3746.09717719589
3746.08276577333
3746.0688477201
3746.05537754502
3746.04236182878
3746.02980166876
3746.01763258955
3746.00590454808
3745.99457181713
3745.98363836365
3745.97309716299
3745.96293814167
3745.9531496725
3745.94373113811
3745.93465325014
3745.92592422356
3745.91752030188
3745.90944140995
3745.90166875407
3745.89420381946
3745.88703550099
3745.88015582291
3745.87355406877
3745.867233867
3745.86115251512
3745.85534135006
3745.8497724389
3745.84443942258
3745.83933028096
3745.83445208866
3745.82978316912
3745.82532625746
3745.8210760804
3745.81702409579
3745.81315164003
3745.80946370294
3745.80595665689
3745.80261798348
3745.79944285264
3745.79642717704
3745.79356141478
3745.79084584401
3745.78827554129
3745.78584010853
3745.78353727877
3745.78135960139
3745.77930881104
3745.77737933209
3745.77555497447
3745.77384028706
3745.77223331457
3745.77072455289
3745.76931345567
3745.76799619422
3745.76676881978
3745.76562239571
3745.76456063707
3745.76357777396
3745.76266979809
3745.76183537607
3745.76106615198
3745.76036302956
3745.75972381041
3745.75914486329
3745.75862358126
3745.75815577832
3745.75774251424
3745.75737232479
3745.75705196694
3745.75677916133
3745.75654873499
3745.75635647981
3745.75620573089
3745.75609087179
3745.75600851736
3745.75596068119
3745.75594277302
3745.75595525222
3745.75599535533
3745.75606117511
3745.75615213383
3745.75626470467
3745.75640002718
3745.75655635226
3745.75672999024
3745.7569221147
3745.75713155587
3745.75735564572
3745.75759451563
3745.75784695674
3745.75811027419
3745.75838537305
3745.75867080662
3745.75896615515
3745.75927009903
3745.75958185006
3745.75990036023
3745.76022609393
3745.76055769989
3745.76089423091
3745.7612348707
3745.76157903971
3745.76192695411
3745.76227749513
3745.76262973652
3745.76298414149
3745.76334017657
3745.76369528993
3745.76405146494
3745.7644081275
3745.76476462183
3745.76512018187
3745.76547435418
3745.76582699885
3745.76617753637
3745.76652642958
3745.76687370306
3745.76721891333
3745.76756152792
3745.76790098859
3745.76823711398
3745.76856980805
3745.76889892969
3745.76922479887
3745.76954665996
3745.76986476174
3745.77017902415
3745.77048925825
3745.77079542941
3745.77109760122
3745.77139519313
3745.77168831315
3745.77197695002
3745.77226107964
3745.77254069623
3745.77281555074
3745.77308578509
3745.77335155326
3745.77361281666
3745.77386962963
3745.77412177345
3745.77436917596
3745.77461177597
3745.77484962167
3745.77508272485
3745.77531116791
3745.77553492143
3745.77575408717
3745.77596857031
3745.77617858992
3745.77638433699
3745.77658571843
3745.77678269512
3745.77697522694
3745.77716334629
3745.77734727467
3745.77752700747
3745.77770261431
3745.77787400828
3745.77804137568
3745.77820480893
3745.77836424401
3745.77851977084
3745.77867140423
3745.77881922069
3745.77896323364
3745.77910368841
3745.77924029628
3745.77937340003
3745.77950314887
3745.77962942204
3745.77975219012
3745.7798717871
3745.77998808235
3745.78010124302
3745.78021119722
3745.7803182188
3745.78042221838
3745.7805232673
3745.7806214554
3745.78071671897
3745.78080927175
3745.78089906409
3745.78098618673
3745.78107070647
3745.78115267335
3745.78123218029
3745.78130926405
3745.78138403677
3745.78145647862
3745.78152670933
3745.78159469224
3745.78166048487
3745.7817241872
3745.78178584155
3745.78184550739
3745.78190316104
3745.78195901714
3745.78201302036
3745.78206522576
3745.78211565062
3745.78216433883
3745.78221145423
3745.78225684926
3745.78230076638
3745.78234309429
3745.78238388608
3745.78242331482
3745.78246128383
3745.78249792572
3745.78253320875
3745.78256721705
3745.78259991645
3745.78263146481
3745.78266177478
3745.78269092384
3745.78271895979
3745.78274600613
3745.7827719602
3745.78279689707
3745.78282088093
3745.78284385888
3745.78286592353
3745.78288707804
3745.78290732343
3745.78292679085
3745.78294546546
3745.78296329943
3745.78298043436
3745.7829968234
3745.78301243796
3745.78302737973
3745.78304169156
3745.78305534809
3745.78306841294
3745.78308084725
3745.7830926993
3745.78310398001
3745.78311469756
3745.78312497036
3745.78313474641
3745.78314400312
3745.78315275182
3745.7831611368
3745.78316904383
3745.78317653366
3745.78318362946
3745.78319039962
3745.78319667852
3745.78320265588
3745.7832082412
3745.78321366755
3745.78321869031
3745.78322336517
3745.7832277473
3745.78323191524
3745.78323579393
3745.78323940224
3745.78324272192
3745.78324586826
3745.78324874473
3745.7832514492
3745.78325383936
3745.78325617618
3745.78325829866
3745.78326021744
3745.78326191143
3745.78326340976
3745.78326482877
3745.78326617138
3745.78326729088
3745.78326828395
3745.78326915556
3745.7832698848
3745.78327048465
3745.78327101101
3745.78327139378
3745.78327172603
3745.7832719249
3745.78327202345
3745.78327215085
3745.78327209548
3745.78327199625
3745.78327177892
3745.78327151127
3745.78327125867
3745.78327088954
3745.7832704758
3745.7832699757
3745.78326944658
3745.78326886097
3745.78326826461
3745.78326762176
3745.78326698707
3745.78326624826
3745.78326551561
3745.783264758
3745.78326396554
3745.7832631218
3745.78326229254
3745.7832614382
3745.78326056203
3745.78325968576
3745.78325875357
3745.78325786844
3745.7832569581
3745.78325603293
3745.78325507614
3745.78325411092
3745.78325314827
3745.78325222124
3745.78325128992
3745.78325032632
3745.78324938921
3745.78324842103
3745.78324743147
3745.78324651353
3745.78324562471
3745.78324461809
3745.78324369291
3745.7832428001
3745.78324187816
3745.78324095012
3745.78324005223
3745.78323912692
3745.78323822632
3745.7832373784
3745.78323650818
3745.78323569577
3745.78323486487
3745.78323398509
3745.78323315863
3745.78323238153
3745.78323158535
3745.78323075975
3745.78322998879
3745.78322921622
3745.78322842417
3745.78322773656
3745.78322694524
3745.78322620681
3745.78322553748
3745.78322486142
3745.78322416674
3745.78322351647
3745.78322286709
3745.78322224758
3745.78322159872
3745.78322096617
3745.78322037222
3745.78321977446
3745.78321917661
3745.78321856675
3745.78321808785
3745.78321758786
3745.78321700258
3745.78321645905
3745.78321594244
3745.78321550987
3745.78321504899
3745.78321455544
3745.78321404103
3745.78321361065
3745.78321317399
3745.78321274969
3745.78321229137
3745.78321186205
3745.78321149912
3745.78321110713
3745.78321072383
3745.78321031842
3745.78320995281
3745.78320967079
3745.78320931859
3745.78320897016
3745.78320869602
3745.7832083716
3745.78320803774
3745.78320773037
3745.78320743755
3745.78320718059
3745.78320686735
3745.78320661795
3745.78320639498
3745.78320619261
3745.78320589512
3745.78320563169
3745.78320542326
3745.78320521331
3745.78320497206
3745.78320475335
3745.78320456173
3745.78320438311
3745.78320418356
3745.78320399429
3745.7832038236
3745.78320364628
3745.78320347175
3745.78320335203
3745.78320316126
3745.78320300022
3745.78320284013
3745.78320268767
3745.78320257726
3745.78320241262
3745.78320228847
3745.7832021652
3745.78320208225
3745.78320202283
3745.78320188632
3745.78320179397
3745.78320168793
3745.7832015987
3745.78320148723
3745.78320140723
3745.78320126945
3745.7832011902
3745.78320109975
3745.78320099723
3745.78320094663
