6146.7927559436
6146.7927527403
6146.79274955557
6146.79274617529
6146.79274291394
6146.79273961515
6146.79273633534
6146.79273297197
6146.79272970849
6146.79272644052
6146.79272323018
6146.79272005199
6146.7927168763
6146.79271371599
6146.79271057203
6146.79270751966
6146.79270452435
6146.79270151759
6146.79269844812
6146.79269548926
6146.79269260135
6146.79268975154
6146.7926868514
6146.7926840036
6146.79268124606
6146.79267848323
6146.79267579741
6146.79267311753
6146.7926704989
6146.79266792319
6146.79266540453
6146.79266288031
6146.79266040034
6146.79265798081
6146.79265563092
6146.79265333567
6146.79265104997
6146.79264881331
6146.79264663972
6146.79264450172
6146.79264239925
6146.79264035214
6146.7926383556
6146.79263638216
6146.79263444689
6146.79263255532
6146.79263072748
6146.79262892909
6146.79262717987
6146.79262546032
6146.79262376927
6146.79262212867
6146.79262052197
6146.79261896177
6146.7926174339
6146.79261594413
6146.79261448677
6146.79261307443
6146.79261170244
6146.79261036462
6146.7926090588
6146.79260778708
6146.79260654962
6146.79260534758
6146.79260418288
6146.79260305047
6146.79260194855
6146.79260087902
6146.79259984095
6146.79259883278
6146.79259785545
6146.7925969058
6146.79259598666
6146.79259509494
6146.79259423224
6146.79259339375
6146.79259258175
6146.79259179885
6146.79259104161
6146.79259030789
6146.79258959728
6146.79258891033
6146.79258824556
6146.79258760145
6146.79258698334
6146.79258638771
6146.79258581274
6146.79258525515
6146.79258471428
6146.79258419629
6146.79258370159
6146.79258322292
6146.7925827652
6146.79258232191
6146.79258189725
6146.7925814913
6146.79258109827
6146.79258072242
6146.79258035309
6146.79258000412
6146.79257967056
6146.79257935712
6146.79257905191
6146.79257875555
6146.79257847409
6146.79257820745
6146.79257795689
6146.79257772038
6146.79257749546
6146.79257727009
6146.79257705907
6146.79257685868
6146.7925766697
6146.79257649405
6146.79257632408
6146.7925761609
6146.79257600647
6146.79257586069
6146.79257572802
6146.79257560563
6146.79257548498
6146.7925753701
6146.79257526646
6146.79257516485
6146.79257507337
6146.79257498473
6146.79257490586
6146.79257483216
6146.79257476226
6146.79257470204
6146.79257464135
6146.79257458751
6146.79257454229
6146.7925744966
6146.79257445379
6146.79257441646
6146.79257438437
6146.79257435918
6146.79257433657
6146.79257431376
6146.79257429797
6146.79257428364
6146.79257427478
6146.79257426919
6146.792574267
6146.79257426428
6146.79257426294
6146.79257426339
6146.79257426965
6146.79257427574
6146.79257428418
6146.79257429225
6146.79257430142
6146.79257431465
6146.79257432936
6146.792574348
6146.79257436605
6146.79257438648
6146.79257440876
6146.79257442985
6146.79257445259
6146.79257447642
6146.79257450152
6146.79257452937
6146.79257455683
6146.79257458436
6146.79257461077
6146.79257463837
6146.79257466862
6146.79257469777
6146.79257472674
6146.7925747575
6146.79257478893
6146.79257481877
6146.79257484825
6146.79257487842
6146.79257491056
6146.79257494175
6146.79257497402
6146.79257500502
6146.79257503559
6146.79257506775
6146.79257509986
6146.7925751303
6146.79257516178
6146.79257519265
6146.79257522382
6146.79257525585
6146.79257528721
6146.79257531743
6146.79257534643
6146.79257537648
6146.79257540567
6146.79257543557
6146.79257546406
6146.79257549225
6146.79257552043
6146.79257554854
6146.79257557544
6146.79257560201
6146.79257562903
6146.7925756559
6146.79257568186
6146.79257570705
6146.79257573223
6146.79257575743
6146.79257578164
6146.79257580574
6146.79257583085
6146.79257585396
6146.79257587659
6146.79257589924
6146.79257592055
6146.79257594252
6146.79257596368
6146.79257598427
6146.79257600419
6146.79257602432
6146.79257604388
6146.79257606314
6146.79257608239
6146.7925761
6146.7925761177
6146.79257613526
6146.79257615263
6146.79257616902
6146.79257618524
6146.79257620118
6146.7925762172
6146.79257623231
6146.79257624676
6146.79257626128
6146.7925762759
6146.79257628925
6146.79257630284
6146.79257631528
6146.7925763283
6146.79257634124
6146.79257635288
6146.79257636474
6146.79257637593
6146.79257638705
6146.79257639772
6146.79257640815
6146.79257641828
6146.79257642882
6146.79257643832
6146.79257644716
6146.79257645586
6146.792576465
6146.79257647366
6146.7925764813
6146.79257648948
6146.79257649731
6146.79257650494
6146.79257651182
6146.79257651821
6146.79257652535
6146.792576532
6146.79257653806
6146.792576544
6146.79257655008
6146.79257655587
6146.7925765612
6146.7925765665
6146.79257657108
6146.7925765764
6146.79257658087
6146.79257658569
6146.79257659002
6146.79257659407
6146.79257659797
6146.79257660195
6146.79257660559
6146.79257660919
6146.79257661228
6146.79257661564
6146.79257661947
6146.79257662215
6146.79257662443
6146.79257662735
6146.7925766304
6146.79257663315
6146.79257663542
6146.79257663735
6146.7925766396
6146.79257664218
6146.79257664386
6146.79257664543
6146.79257664727
6146.79257664926
6146.79257665084
6146.79257665221
6146.79257665379
6146.79257665479
6146.79257665594
6146.7925766575
6146.79257665848
6146.79257665963
6146.79257666029
6146.79257666165
6146.79257666269
6146.79257666359
6146.79257666432
6146.79257666429
6146.79257666555
6146.79257666587
6146.79257666626
6146.79257666711
6146.79257666735
6146.79257666818
6146.79257666832
6146.79257666846
6146.79257666936
6146.79257666984
6146.79257667006
6146.79257667011
6146.79257667014
6146.79257667036
6146.79257666984
6146.79257667012
6146.79257667006
6146.79257667009
6146.79257666947
6146.79257666968
6146.79257666981
6146.79257666975
6146.79257666979
6146.79257667006
6146.79257666945
6146.79257666915
6146.79257666881
6146.79257666921
6146.79257666882
6146.79257666875
6146.79257666824
6146.79257666811
6146.79257666756
6146.79257666794
6146.79257666772
6146.79257666769
6146.79257666698
6146.79257666618
6146.79257666603
6146.79257666655
6146.79257666608
6146.79257666575
6146.79257666545
6146.79257666464
6146.79257666514
6146.79257666473
6146.79257666438
6146.79257666361
6146.79257666402
6146.7925766633
6146.79257666301
6146.79257666251
6146.79257666287
6146.79257666213
6146.7925766618
6146.79257666174
6146.79257666175
6146.79257666084
6146.79257666016
6146.79257666022
6146.79257666026
6146.79257665991
6146.79257665953
6146.79257665928
6146.79257665898
6146.79257665885
6146.79257665891
6146.79257665867
6146.79257665831
6146.79257665774
6146.79257665773
6146.7925766575
6146.79257665705
6146.79257665717
6146.79257665674
6146.79257665603
6146.79257665585
6146.7925766554
6146.79257665587
6146.79257665545
6146.79257665477
6146.79257665452
6146.79257665452
6146.7925766542
6146.79257665335
6146.79257665334
6146.79257665375
6146.79257665344
6146.79257665275
6146.79257665298
6146.79257665311
6146.79257665266
6146.79257665277
6146.79257665269
6146.79257665228
6146.79257665208
6146.79257665236
6146.79257665181
6146.79257665191
6146.79257665158
6146.79257665151
6146.79257665128
6146.79257665112
6146.79257665105
6146.79257665059
6146.79257665072
6146.79257665035
6146.79257665
6146.79257664996
6146.79257665003
6146.79257665009
6146.79257664961
6146.79257664973
6146.79257664937
6146.79257664944
6146.79257664934
6146.79257664959
6146.79257664933
6146.79257664861
6146.79257664871
6146.79257664916
6146.79257664898
6146.79257664886
6146.79257664864
6146.79257664856
6146.79257664816
6146.79257664803
6146.79257664819
6146.79257664832
6146.79257664823
6146.79257664802
6146.79257664819
6146.79257664769
6146.7925766478
6146.79257664814
6146.7925766479
6146.79257664756
6146.79257664723
6146.79257664757
6146.79257664778
6146.79257664788
6146.79257664762
6146.79257664764
6146.79257664763
6146.79257664737
6146.79257664725
6146.792576648
6146.79257664777
6146.79257664716
6146.79257664699
6146.79257664726
6146.7925766473
6146.79257664724
6146.79257664742
6146.79257664723
6146.79257664725
6146.79257664738
6146.79257664753
6146.7925766478
6146.79257664758
6146.79257664728
6146.79257664685
6146.79257664671
6146.7925766469
6146.7925766466
6146.79257664677
6146.7925766466
6146.79257664695
6146.79257664704
6146.79257664705
6146.79257664732
6146.7925766475
6146.79257664718
6146.79257664677
6146.79257664695
6146.79257664734
6146.7925766471
6146.79257664724
6146.7925766473
6146.79257664714
6146.79257664681
6146.7925766467
6146.79257664697
6146.79257664684
6146.79257664702
6146.79257664676
6146.79257664646
6146.79257664664
6146.79257664691
6146.79257664698
6146.79257664689
6146.79257664682
6146.79257664682
6146.79257664686
6146.79257664702
6146.79257664725
6146.79257664742
6146.79077399218
6146.32697936035
6145.28238617958
6143.77664705459
6141.90264009913
6139.65683576056
6137.02233637775
6134.03927407274
6130.79850960953
6127.38708828531
6123.86109900732
6120.25476188645
6116.58607969869
6112.87577908575
6109.15058163943
6105.43589782659
6101.75123924742
6098.10643927486
6094.50751305304
6090.94721008968
6087.42115454698
6083.93441233837
6080.47717116897
6077.05226805725
6073.64713237744
6070.26176258253
6066.88828285631
6063.52406827151
6060.16784829603
6056.80798237232
6053.44058483687
6050.0687752507
6046.69733151226
6043.3256948957
6039.95127731784
6036.56610766668
6033.17279783044
6029.77388151829
6026.378044364
6022.9826134978
6019.58774002696
6016.1867696656
6012.78536745958
6009.38142115936
6005.9829312322
6002.59587404881
5999.21160601089
5995.82240871928
5992.43556381462
5989.0631295355
5985.69185143202
5982.32160777223
5978.94983896474
5975.58191030017
5972.22382357233
5968.87818691618
5965.52154556699
5962.16570930555
5958.81314676752
5955.46713849692
5952.11941254302
5948.77249897758
5945.43077718006
5942.10798320353
5938.77393419464
5935.44210924023
5932.10619995669
5928.78205493572
5925.4595733897
5922.12931409619
5918.79791654634
5915.47394516076
5912.16810210171
5908.85581518378
5905.54508968075
5902.23749328537
5898.93037059579
5895.62640303777
5892.31827052153
5889.00324783181
5885.68813182084
5882.39039971404
5879.09318917703
5875.79607735649
5872.5064066159
5869.21553605106
5865.9439856374
5862.65920350551
5859.36729122465
5856.09922701211
5852.81962040425
5849.55044417055
5846.2677035713
5842.97839363718
5839.69788043932
5836.43743697496
5833.17629222954
5829.89973740976
5826.63570787999
5823.37602941448
5820.10609198585
5816.8572325464
5813.59388555397
5810.32708100275
5807.07891339098
5803.8332823417
5800.57290950047
5797.30716842921
5794.06345538895
5790.81499996783
5787.57903859327
5784.33571771419
5781.0846947291
5777.86474871356
5774.63185477203
5771.38298589802
5768.15074093927
5764.94390402171
5761.71271206268
5758.46284430418
5755.21692245242
5751.99360295084
5748.7633997776
5745.54409919242
5742.31524800565
5739.08942598807
5735.88339128717
5732.68148468907
5729.47787167021
5726.26166790512
5723.02532908935
5719.80613021124
5716.58891746033
5713.36988452141
5710.16051249898
5706.96583627796
5703.7937346202
5700.5833736454
5697.37332892655
5694.15985932519
5690.96480976438
5687.79228170335
5684.5892774573
5681.37000206392
5678.15736067061
5674.95930028246
5671.76893556131
5668.59379987815
5665.44095102974
5662.2473106243
5659.04450472063
5655.86039334182
5652.67297224129
5649.47822335175
5646.2974083465
5643.12158633992
5639.95269116455
5636.76998300209
5633.58621448316
5630.40419746888
5627.27179922366
5624.10421844083
5620.93298918198
5617.74696340563
5614.58288804215
5611.41368546508
5608.25134443711
5605.07682562058
5601.90338084072
5598.73570394564
5595.56977314338
5592.41994524199
5589.27192228473
5586.12665707521
5582.9665413402
5579.79892252309
5576.65293153517
5573.50464742812
5570.38848624273
5567.24144538475
5564.10339095463
5560.96035398577
5557.79199910056
5554.64449553228
5551.48927562597
5548.37228837723
5545.22683614966
5542.10065216833
5538.95427211971
5535.8084262596
5532.65139097136
5529.49841641466
5526.40863322781
5523.27732874853
5520.14160629251
5516.99141365768
5513.86970689097
5510.79733617592
5507.66795412847
5504.53217743865
5501.42176593433
5498.29425873781
5495.14840352371
5492.02966234566
5488.93408255402
5485.81878244219
5482.66783380278
5479.53040175501
5476.42215837074
5473.30600274455
5470.18131720582
5467.06574942157
5463.99589182281
5460.91654645539
5457.79428388108
5454.67875723658
5451.5766721189
5448.48772067604
5445.38319548216
5442.26515811374
5439.17482655561
5436.07981617505
5432.97596593531
5429.89889497861
5426.80387897513
5423.72125742061
5420.62429369574
5417.52104258436
5414.42491044432
5411.39723951358
5408.31805386141
5405.20023777965
5402.09459689253
5399.03721079075
5396.00736922656
5392.92590815667
5389.81199403114
5386.72008740456
5383.62255790912
5380.54377185331
5377.46384613591
5374.41019307564
5371.38599103473
5368.3064331454
5365.22380400131
5362.20654929396
5359.12806726053
5356.07719258386
5352.97849920653
5349.86692537996
5346.8074320522
5344.26296195383
5342.22018789948
5340.58058359873
5339.30639339146
5338.39530087663
5337.86610149738
5337.66111709181
5337.71496364358
5337.94561161174
5338.30142361789
5338.70649525013
5339.17326238471
5339.66036985751
5340.19082877035
5340.67746858303
5341.10948283759
5341.49907846183
5341.84908926078
5342.15524986445
5342.43705233954
5342.65430847483
5342.82950818812
5342.97960760817
5343.099509243
5343.1965381177
5343.28303377062
5343.36019907808
5343.4398757272
5343.51543604507
5343.59241332954
5343.67332323767
5343.76850216156
5343.86404811935
5343.96137941768
5344.06647521478
5344.17690568555
5344.29492102113
5344.41132642323
5344.52440360554
5344.63956232147
5344.75251115978
5344.85994662354
5344.9643099515
5345.06413641839
5345.16015710327
5345.25195345712
5345.33608713746
5345.41561452133
5345.4900065753
5345.55986788899
5345.62564094824
5345.68753043086
5345.7458336775
5345.80094190639
5345.85299351552
5345.90282007076
5345.95040940525
5345.99548724579
5346.03952710385
5346.08232749116
5346.12341630181
5346.16161468493
5346.19922158126
5346.23534428852
5346.26970543168
5346.30324624623
5346.33632445179
5346.36721747051
5346.39511275545
5346.42371660914
5346.4519960284
5346.47837713833
5346.50043263124
5346.5229361119
5346.54248650992
5346.56336239387
5346.5837995101
5346.60169700441
5346.6182668895
5346.63373640809
5346.64854843412
5346.66208839048
5346.67265168985
5346.68280889431
5346.69390990734
5346.70237701652
5346.71198391922
5346.71868904612
5346.72677245581
5346.73401073201
5346.74012035475
5346.74563750529
5346.75071076355
5346.75583696225
5346.75939160943
5346.76460442858
5346.76967904128
5346.77362089089
5346.77396874539
5346.77578411039
5346.77845054631
5346.77936587816
5346.77763834772
5346.77806674496
5346.77942573512
5346.77769715609
5346.77702895489
5346.77703546054
5346.77634945857
5346.77519376021
5346.77334286588
5346.77029629393
5346.76627670926
5346.76434310209
5346.76148735722
5346.75935740857
5346.75642150796
5346.75285278144
5346.74987029332
5346.74806508803
5346.74611936462
5346.74136804608
5346.73790374512
5346.73414516346
5346.7309208898
5346.72805739476
5346.72380374556
5346.71980581705
5346.71656453253
5346.7120546439
5346.70835833242
5346.70513374741
5346.70165924251
5346.6975485135
5346.69284169079
5346.68880088885
5346.68467008603
5346.68082089995
5346.67659914468
5346.67258921946
5346.668696543
5346.66474870905
5346.65992318792
5346.65596997487
5346.65166219533
5346.648127049
5346.64487867347
5346.64114540107
5346.63752550039
5346.63389075116
5346.63028471849
5346.6267223112
5346.62318687896
5346.61966314762
5346.61617756862
5346.61271083837
5346.60938440755
5346.60586108305
5346.6021741093
5346.59901836573
5346.59606258024
5346.59321383049
5346.58974899914
5346.58673945862
5346.58388770384
5346.58080923887
5346.57817301667
5346.57572463894
5346.57319504083
5346.5705792247
5346.56784733343
5346.56528072462
5346.5628410817
5346.56029576502
5346.55785097357
5346.55539129827
5346.55308637392
5346.55083390436
5346.54854257023
5346.54637127559
5346.54416220144
5346.5420825512
5346.54019914681
5346.53830144648
5346.53645964449
5346.53450021394
5346.53277470488
5346.53118083511
5346.52946623713
5346.527836868
5346.52626503634
5346.52477370761
5346.52334652749
5346.52189859174
5346.52049666387
5346.51914078252
5346.5178193024
5346.51651760906
5346.51518508692
5346.51393221968
5346.51277678629
5346.5115939679
5346.51049443772
5346.50944449463
5346.50841853619
5346.50742820427
5346.50644659863
5346.50551445228
5346.50464274547
5346.50379702367
5346.5029644713
5346.50216413596
5346.50139778557
5346.50065864267
5346.49993516006
5346.49924361714
5346.49858448258
5346.49794702202
5346.49733477687
5346.49674726903
5346.49618439527
5346.49564816631
5346.49512893834
5346.49462821314
5346.4941574931
5346.49370230449
5346.49326674896
5346.4928473499
5346.49245063368
5346.49206748024
5346.49170484315
5346.49136270926
5346.49103577253
5346.49072989499
5346.49043284052
5346.49015006709
5346.48988767667
5346.48963348412
5346.4893895431
5346.48916964362
5346.48895740126
5346.48875290502
5346.48856312865
5346.48840861107
5346.48825319709
5346.48808733543
5346.4879604432
4840.7299162708
4425.4268602579
4506.77094920646
5130.64440938753
5891.65068242243
6263.89162932224
6013.55608466391
5497.77353850964
5169.55333868412
5143.43145028778
5385.96771130696
5701.88693075187
5832.28376534792
5669.64416795014
5356.10392336976
5101.39123555036
5017.37603928948
5085.51330520256
5200.33508788674
5248.26612139298
5182.54804304828
5044.44243191221
4914.07134045176
4848.95177976418
4856.81596607736
4904.18176957017
4945.24191009231
4950.76706764954
4921.47547281032
4880.38595656129
4853.48463143182
4853.76843891115
4876.89153730585
4907.52416262742
4930.27879897832
4938.22891320562
4934.81584361831
4929.32863301928
4930.0722170974
4939.72992118353
4955.0123090567
4969.81636517967
4979.32160636149
4982.41961520335
4981.59309902223
4980.62704687643
4982.11820656439
4986.27879293035
4991.37828485682
4995.2114170422
4996.51772919348
4995.56495799363
4993.67525744179
4992.25842267035
4992.00192699639
4992.6735314943
4993.47621639137
4993.67653381076
4993.03958911231
4991.87420680863
4990.74185153696
4990.08311204951
4989.99641031423
4990.26213204607
4990.5453777115
4990.61821641715
4990.46838806939
4990.25453314617
4990.17353547676
4990.33137913661
4990.69753756752
4991.14809693344
4991.55484620866
4991.85700381197
4992.07468809298
4992.27794177472
4992.5292803376
4992.84558565287
4993.19621761603
4993.52893423054
4993.8032642575
4994.01140539396
4994.17357023325
4994.31964827978
4994.46937778948
4994.62338535506
4994.76695394943
4994.88308802279
4994.96345479766
4995.01236700544
4995.04218922208
4995.06527951095
4995.08756385815
4995.10724115036
4995.1186845331
4995.11752845055
4995.10354240912
4995.08005019268
4995.05235291409
4995.02453200038
4994.99795216172
4994.97107830184
4994.94163405959
4994.90819686426
4994.87129714374
4994.83249524019
4994.79352024233
4994.75526651284
4994.71749369221
4994.67930718922
4994.63988223632
4994.59879930555
4994.55629359607
4994.51262089038
4994.46839811516
4994.4240936153
4994.37949057125
4994.33416053102
4994.28759324406
4994.23967962111
4994.19059260534
4994.14083212463
4994.09081175787
4994.04060795768
4993.99010491209
4993.9390009599
4993.8872857238
4993.83512093028
4993.78270780424
4993.73032041269
4993.67810595226
4993.62601036479
4993.57396660801
4993.52204598824
4993.47042471153
4993.41923113472
4993.3684178517
4993.31798326628
4993.26803955815
4993.21870523294
4993.16997545793
4993.12187318036
4993.07443038794
4993.02755090163
4992.98127832216
4992.93565682438
4992.89068731077
4992.84652145749
4992.80324776645
4992.7608122803
4992.71901957995
4992.677853608
4992.63736741527
4992.59766165553
4992.55886248319
4992.52096763822
4992.48394160743
4992.44761192726
4992.41195555055
4992.37695148937
4992.34272460997
4992.30926301633
4992.27658839034
4992.24473489595
4992.21358146158
4992.18309219627
4992.1533110204
4992.1242785104
4992.09600365761
4992.06847510789
4992.04167197766
4992.01558108572
4991.99017384933
4991.96545170891
4991.94140032055
4991.91800842185
4991.89526896256
4991.87317780084
4991.85176181843
4991.83096281308
4991.81073818029
4991.79109789697
4991.77205272947
4991.75359578183
4991.73570705705
4991.71837542205
4991.70161132283
4991.68538909899
4991.66967583091
4991.65448981566
4991.63977239193
4991.62551460601
4991.61173487288
4991.59844699066
4991.58564111245
4991.57328294071
4991.56134896785
4991.54985334938
4991.53876498992
4991.52807106928
4991.51777251132
4991.50786726925
4991.49834333815
4991.4891849492
4991.48038369995
4991.471938829
4991.46381804966
4991.45601052609
4991.44851459067
4991.44133339299
4991.4344541768
4991.42786622891
4991.42155815269
4991.4155272196
4991.40975346021
4991.40423428834
4991.39896345377
4991.39393148709
4991.38913044968
4991.38455911786
4991.38020725887
4991.37606291823
4991.37211640031
4991.36836612097
4991.36480441628
4991.36142489857
4991.35822245284
4991.35518952895
4991.35232391597
4991.34961887581
4991.34706543731
4991.34465683961
4991.34238942523
4991.34025317046
4991.33824882096
4991.33637116349
4991.3346156708
4991.33297574424
4991.3314485189
4991.33002810266
4991.32870753958
4991.32748409677
4991.32635404605
4991.32531365277
4991.32435912275
4991.3234868719
4991.32269297566
4991.3219723901
4991.32132424005
4991.32074192077
4991.32022633061
4991.31977227564
4991.31937450983
4991.31903446729
4991.31874828962
4991.3185113026
4991.31832267504
4991.3181784698
4991.31807808269
4991.3180177682
4991.31799571087
4991.31800900156
4991.31805350751
4991.31813091612
4991.31824042944
4991.31837793903
4991.31854258449
4991.31873303424
4991.31894665478
4991.3191806465
4991.31943350639
4991.31970554429
4991.31999524895
4991.32029920549
4991.32061670734
4991.32094867717
4991.32129439272
4991.32165128088
4991.32201806041
4991.32239312288
4991.32277517042
4991.32316343771
4991.323557906
4991.32395843889
4991.32436464163
4991.32477478752
4991.32518694326
4991.32559986753
4991.32601473865
4991.32643142924
4991.32684909515
4991.32726677418
4991.32768382795
4991.32809931526
4991.32851259514
4991.32892474855
4991.3293357523
4991.32974452153
4991.330150265
4991.33055218186
4991.33094993421
4991.33134355917
4991.33173412653
4991.33212132241
4991.33250411679
4991.33288151366
4991.33325352012
4991.3336202082
4991.33398142331
4991.33433751551
4991.33468871142
4991.33503467908
4991.3353746948
4991.33570840642
4991.33603565117
4991.33635772347
4991.33667460049
4991.33698513442
4991.33728884742
4991.33758584016
4991.33787737357
4991.33816358072
4991.33844387851
4991.33871819734
4991.33898632161
4991.33924813683
4991.33950344989
4991.33975266904
4991.33999622295
4991.34023425786
4991.34046633988
4991.34069259564
4991.34091326987
4991.34112801429
4991.34133730987
4991.34154127103
4991.34173968224
4991.34193286097
4991.3421208884
4991.34230343715
4991.34248096304
4991.34265360552
4991.34282131566
4991.34298403559
4991.34314171076
4991.34329474315
4991.34344314891
4991.34358714971
4991.34372655242
4991.343861587
4991.34399226419
4991.34411886668
4991.34424141421
4991.34435993407
4991.3444743516
4991.34458487209
4991.34469164303
4991.34479483933
4991.34489438494
4991.34499049667
4991.34508330878
4991.34517277082
4991.34525889352
4991.34534185211
4991.34542159453
4991.34549846329
4991.34557237652
4991.34564339459
4991.34571183099
4991.34577764957
4991.34584083103
4991.34590126557
4991.34595928591
4991.34601495768
4991.34606825105
4991.34611936828
4991.34616829813
4991.34621512891
4991.34625992552
4991.34630253708
4991.34634326784
4991.34638219683
4991.34641941433
4991.34645480198
4991.34648850339
4991.34652062644
4991.34655106065
4991.34657993747
4991.34660738302
4991.34663350131
4991.34665829132
4991.34668161579
4991.34670366819
4991.3467245259
4991.34674418998
4991.34676268449
4991.34678010005
4991.34679651262
4991.34681192561
4991.34682635327
4991.34683980395
4991.34685233049
4991.34686403315
4991.3468749188
4991.34688498769
4991.34689432517
4991.34690296175
4991.34691090834
4991.34691816226
4991.34692482503
4991.34693078051
4991.34693620733
4991.34694106857
4991.34694549035
4991.34694931581
4991.34695270488
4991.3469556629
4991.34695813742
4991.3469601903
4991.34696192639
4991.34696326731
4991.3469642529
4991.34696485591
4991.34696521582
4991.34696527832
4991.34696499661
4991.34696456606
4991.34696381789
4991.34696285287
4991.34696168691
4991.34696024818
4991.34695865908
4991.34695697101
4991.34695510093
4991.34695305598
4991.3469508318
4991.34694843546
4991.34694599629
4991.34694349213
4991.34694081813
4991.34693805129
4991.34693515765
4991.34693227847
4991.34692932749
4991.34692625849
4991.34692318154
4991.34692005823
4991.3469168756
4991.34691365568
4991.34691035865
4991.34690710802
4991.34690385958
4991.34690057888
4991.34689724843
4991.34689395598
4991.34689066281
4991.34688732705
4991.34688407126
4991.34688082795
4991.34687754576
4991.34687432811
4991.34687111787
4991.34686791069
4991.34686476875
4991.34686161263
4991.34685850818
4991.34685544672
4991.3468523975
4991.34684945183
4991.34684646425
4991.34684353531
4991.34684064345
4991.34683784865
4991.34683504896
4991.34683229222
4991.34682959731
4991.34682689967
4991.34682426964
4991.3468217247
4991.34681920259
4991.34681673433
4991.34681432033
4991.34681191694
4991.34680956792
4991.34680730899
4991.34680506917
4991.34680288089
4991.34680074982
4991.34679865412
4991.34679661849
4991.34679458553
4991.34679267504
4991.34679075797
4991.34678891443
4991.34678704257
4991.34678526307
4991.34678360074
4991.34678194858
4991.34678028261
4991.34677864127
6448.30975757493
7989.40600504215
8283.68634654333
7863.19145155826
7655.16631498378
7619.40317155587
7326.90940059211
6829.04865735362
6423.65850529268
6264.31212788157
6265.95646588716
6244.41372907327
6082.26487476122
5807.12512618489
5541.28797105987
5378.93992951983
5329.62535632325
5340.67143743956
5352.84198456485
5337.2868657762
5297.32993725955
5251.34039542905
5218.04751003844
5207.52857313614
5218.14823468399
5240.292045256
5263.01526278823
5279.39806875641
5287.82736870284
5291.05710522177
5293.51345631447
5298.50846179963
5306.61227939947
5316.03143935123
5324.11486935301
5329.01035321128
5330.52081225845
5329.79660793867
5328.46524598017
5327.70337755834
5327.81170364357
5328.36146653386
5328.68039022105
5328.3372357225
5327.35089846306
5326.08333195177
5324.98274022539
5324.32697398513
5324.13713776807
5324.23456212397
5324.39355805913
5324.46941664112
5324.44567923314
5324.3992003828
5324.4274434201
5324.58271646462
5324.8504679602
5325.16868006768
5325.46949920808
5325.71179864245
5325.89358677468
5326.0394381398
5326.17886536996
5326.33002452629
5326.48993457123
5326.64500579135
5326.78113658017
5326.89154100674
5326.97959750888
5327.05519394957
5327.12822186541
5327.20443713483
5327.2840456767
5327.36387908053
5327.4400075679
5327.51118450061
5327.57815314658
5327.64370764961
5327.71019814426
5327.77857936289
5327.84823474803
5327.91771340348
5327.98553092336
5328.05099643504
5328.11419018691
5328.17622503538
5328.23739198291
5328.2978300691
5328.35723118483
5328.41539138946
5328.47183804857
5328.52586285067
5328.57776552124
5328.62820094117
5328.67749526093
5328.72567534392
5328.77254375596
5328.81823377461
5328.86261196683
5328.90541131667
5328.94678246063
5328.98694366322
5329.02612077192
5329.06464278585
5329.10225356591
5329.13881529683
5329.17426257528
5329.20877227561
5329.24227914733
5329.27494726319
5329.3067077801
5329.33761428095
5329.36756293079
5329.39659947255
5329.42479002942
5329.45222851445
5329.47906940199
5329.50521122321
5329.53050724048
5329.55497538137
5329.57866196576
5329.60163586472
5329.62396330694
5329.64572917712
5329.66684883487
5329.68724676817
5329.70703322294
5329.726124264
5329.74457550087
5329.76251597547
5329.77987244989
5329.79666781781
5329.81292630651
5329.82871616521
5329.84400383823
5329.85876893059
5329.87302498022
5329.88673874152
5329.89995991793
5329.91274714616
5329.92513916282
5329.93714103773
5329.94873679292
5329.95991332812
5329.97061486629
5329.98088026313
5329.99078479804
5330.00036307518
5330.00960664047
5330.01850662983
5330.02704974114
5330.03525904306
5330.0431290831
5330.05069403925
5330.05797015065
5330.06496432518
5330.07168100507
5330.07812524678
5330.08427910902
5330.09016180354
5330.09578779099
5330.10117774002
5330.10634266085
5330.11128409559
5330.11600223331
5330.12050333638
5330.1247879028
5330.1288680239
5330.13275175892
5330.1364530703
5330.13997956399
5330.14332786751
5330.14651288363
5330.14952763054
5330.15238471848
5330.15508728185
5330.15764120955
5330.16005137917
5330.16232806201
5330.16447628862
5330.16649763137
5330.16839513424
5330.17017620229
5330.17183849689
5330.17338841507
5330.17483640411
5330.17618250015
5330.17743561517
5330.17859809281
5330.17966723905
5330.18065426971
5330.18155815713
5330.18238791791
5330.18314097187
5330.18381397765
5330.18442863716
5330.18497852933
5330.1854653975
5330.18589113584
5330.18625073434
5330.18655371775
5330.18681418323
5330.18703191862
5330.18719656593
5330.18731424268
5330.18738948484
5330.1874276983
5330.18743308139
5330.18739977422
5330.18733826972
5330.18724554749
5330.18711763151
5330.18695993232
5330.18677530844
5330.18655908219
5330.18632015211
5330.18606432675
5330.1857914184
5330.18550142607
5330.18520021388
5330.18487129953
5330.18452575288
5330.18416540474
5330.18380153087
5330.18342932126
5330.1830398205
5330.18264392233
5330.18223850627
5330.18181771947
5330.18139376236
5330.18096680872
5330.18053228392
5330.18009465743
5330.17965570382
5330.17921220436
5330.17876100534
5330.17830683672
5330.17785353569
5330.17740457626
5330.17696053641
5330.17651728038
5330.1760685401
5330.17561701739
5330.1751662036
5330.17471914104
5330.17427777964
5330.17384125231
5330.17341219523
5330.17298758573
5330.17256504811
5330.17214054188
5330.17171604339
5330.17129496044
5330.17088216663
5330.17047872362
5330.17008559575
5330.16969792507
5330.16931201467
5330.16892800427
5330.16854671013
5330.16817295213
5330.16780550075
5330.16744537044
5330.16709248741
5330.16674625966
5330.1664058325
5330.16607129878
5330.16574406719
5330.16542105938
5330.16510433367
5330.1647947426
5330.16449322507
5330.16419835505
5330.16390764014
5330.16362266825
5330.16334341409
5330.16307110069
5330.16280512992
5330.16254527399
5330.1622914364
5330.16204607002
5330.16180634374
5330.16157260615
5330.16134399376
5330.16111962986
5330.16090008601
5330.16068660573
5330.16047971428
5330.16027995581
5330.16008542417
5330.15989644628
5330.15971224039
5330.15953207368
5330.15935655399
5330.15918616884
5330.15902136087
5330.15886229394
5330.15870884398
5330.15856003496
5330.15841461957
5330.158273391
5330.15813685851
5330.15800492462
5330.15787711173
5330.15775356337
5330.15763450411
5330.15751966271
5330.15740853759
5330.15730108227
5330.15719717404
5330.15709677606
5330.15700011393
5330.15690681116
5330.15681698444
5330.15673068598
5330.15664794856
5330.15656820714
5330.15649140684
5330.15641743192
5330.15634621809
5330.15627809019
5330.15621283158
5330.15615026004
5330.15609029553
5330.15603269445
5330.15597762796
5330.15592495572
5330.15587474461
5330.1558268203
5330.15578098183
5330.15573712587
5330.1556953409
5330.15565561498
5330.15561779026
5330.15558182493
5330.15554769657
5330.15551534392
5330.15548459882
5330.15545552668
5330.15542809889
5330.15540211913
5330.15537759728
5330.15535450753
5330.15533278221
5330.15531241908
5330.15529329603
5330.15527545582
5330.15525878
5330.15524327583
5330.15522873494
5330.15521524256
5330.15520284043
5330.15519134615
5330.15518083853
5330.155171294
5330.15516265849
5330.15515469424
5330.15514737333
5330.15514092743
5330.15513526762
5330.15513028618
5330.15512600706
5330.15512226788
5330.15511902917
5330.15511633926
5330.15511417472
5330.15511261425
5330.15511168238
5330.15511122064
5330.15511116253
5330.15511140827
5330.15511202792
5330.1551129594
5330.15511422675
5330.15511587734
5330.15511785967
5330.15512022595
5330.15512285031
5330.1551256994
5330.15512874874
5330.15513209656
5330.15513560882
5330.15513934599
5330.15514314785
5330.15514715155
5330.15515127001
5330.15515565022
5330.15516012384
5330.15516473622
5330.15516946422
5330.15517416899
5330.15517894787
5330.15518381053
5330.15518873714
5330.15519385413
5330.1551989707
5330.15520412201
5330.15520929003
5330.15521450923
5330.15521962058
5330.15522474053
5330.15523003279
5330.16411976022
5333.02574007371
5339.52372110697
5348.83479985066
5360.22374043369
5373.55260905251
5388.86250858855
5405.97426768402
5424.50304963297
5444.00932678936
5464.20926809678
5484.94855412428
5506.12782344641
5527.64969279905
5549.37576546345
5571.20483327181
5593.0352977655
5614.80143324364
5636.46644818399
5657.99542701503
5679.41894182478
5700.73101760029
5721.95887147447
5743.09879093909
5764.16041488426
5785.09811518994
5805.98488007978
5826.83569865338
5847.61150322619
5868.41102056001
5889.19157064984
5909.99040799612
5930.79768539538
5951.5177025463
5972.30675778025
5993.09210748891
6013.92982995773
6034.76548175353
6055.58033133854
6076.4667458941
6097.34744884627
6118.2070877716
6139.12634629647
6159.90382023489
6180.84020394553
6201.84499638957
6222.78617208061
6243.77234276067
6264.80044673945
6285.87982076789
6306.81567727663
6327.80112406767
6348.62826580527
6369.85382101579
6391.08950327044
6412.35447037609
6433.45589978049
6454.61442696576
6476.03167217792
6497.28939518038
6518.67406238874
6539.97638263929
6561.21659730102
6582.65386690454
6604.09201430848
6625.50539359466
6646.97202710218
6668.45031319595
6689.95532899046
6711.4974291614
6733.07122302933
6754.66105832482
6776.28878366625
6797.94691269468
6819.64510159064
6841.38327933657
6863.15006384725
6884.95689643646
6906.7934835745
6928.67135063415
6950.58903963062
6972.54351172931
6994.53295494966
7016.57074111876
7038.63374082114
7060.73461160089
7082.87181718983
7105.05396515761
7127.25714114294
7149.50938069607
7171.8295585924
7194.16946285922
7216.54070108935
7238.95933908455
7261.40212966316
7283.87212943781
7306.39665221957
7328.9306523607
7351.58273827963
7374.29526349856
7396.96594653201
7419.70511817903
7442.48798669208
7465.35517158364
7488.15356636596
7511.08126489531
7534.09648108276
7557.14269309553
7580.19870601032
7603.31875534517
7626.3654281905
7649.39825333096
7672.55329903161
7695.90317137523
7719.27321408209
7742.52294378118
7765.78598598918
7789.16373182059
7812.66453359241
7835.97332125558
7859.67221255238
7883.37668467611
7907.23942465677
7930.92721484519
7954.6116327187
7978.32257511601
8002.1908549485
8026.09973178208
8050.13005250817
8074.2275659041
8098.38085612652
8122.50827373053
8146.57339026369
8170.6837448563
8194.83598305353
8219.04617825669
8243.32436649839
8267.6529172158
8292.0372678159
8316.46899746814
8340.92765650819
8365.43238125244
8389.98597125734
8414.59373699104
8439.24666442476
8463.95281186812
8488.70208258944
8513.4980485815
8538.33924305529
8563.2264028767
8588.15969717499
8613.14249651888
8638.17317229876
8663.25288425152
8688.38600881485
8713.54707776363
8738.76138113761
8764.01139830272
8789.31831255559
8814.67690818747
8840.07022085104
8865.51187994236
8891.02074799186
8916.54702702613
8942.13970909361
8967.78715335291
8993.44984030875
9019.17201747039
9044.9608335398
9070.78623542376
9096.67639352337
9122.61559011083
9148.58772373785
9174.522340718
9200.57441434334
9226.71027932593
9252.88869304946
9279.09068705167
9305.38127235955
9331.56449454051
9357.89235636423
9384.33522557581
9410.79269351943
9437.18542852527
9463.65416279064
9490.33705722146
9516.9479010488
9543.68143890765
9570.38939448873
9597.14626828462
9623.91417469229
9650.57677639259
9677.57309687538
9704.72599769294
9731.82752500079
9758.9656160724
9785.84415915206
9813.03382822606
9840.11614884685
9867.34190166872
9894.69593147356
9919.25279171849
9939.83164763387
9957.13881392204
9971.39703265642
9983.46698052828
9992.80407101347
10000.0780784852
10006.0756182961
10010.9871996313
10015.0072300476
10017.9106669637
10019.8988427435
10021.6980097873
10023.3885359153
10024.6591908342
10025.7830435319
10026.902321801
10027.9306433441
10028.8941377491
10029.8517684008
10030.8552935413
10031.9173225683
10033.0381296715
10034.2054310555
10035.392901257
10036.5969562222
10037.8197801982
10039.0574624784
10040.3059949699
10041.5538782312
10042.7981610673
10044.0310079297
10045.2471883784
10046.4433050397
10047.6299077477
10048.7881759293
10049.9250480403
10051.0361854029
10052.1238654723
10053.1902016401
10054.2292781521
10055.2471456316
10056.2459125632
10057.218931959
10058.1707862208
10059.1005583644
10060.0153256296
10060.9030001343
10061.7767748289
10062.6261039167
10063.4576773201
10064.2697927109
10065.0640573055
10065.8418788445
10066.6060377565
10067.3524651506
10068.0788498478
10068.7887195322
10069.4832797598
10070.1630453836
10070.8265144883
10071.4753296893
10072.1074368828
10072.7244500073
10073.3289517941
10073.9191397421
10074.4931989767
10075.051679237
10075.5965426074
10076.1297243044
10076.6485082778
10077.1540238189
10077.6471293221
10078.1282772886
10078.596283477
10079.0517652186
10079.495232848
10079.9267213124
10080.3475522767
10080.7579776763
10081.1576981003
10081.5445284131
10081.9209738998
10082.2865766127
10082.6423676731
10082.9889310783
10083.324363686
10083.6519686384
10083.968498247
10084.2757367973
10084.5740594121
10084.8638787788
10085.1455161044
10085.4188358808
10085.6847134043
10085.9420890973
10086.1912427706
10086.4328066806
10086.667567849
10086.8938722665
10087.1136833608
10087.3261139128
10087.5316063404
10087.7312417146
10087.9244652672
10088.1114705557
10088.29179344
10088.4658718938
10088.6340452853
10088.7971623154
10088.9551591496
10089.1071494263
10089.2537073229
10089.3956152731
10089.5324262844
10089.6643298104
10089.7918753932
10089.9145494194
10090.0325227076
10090.146300946
10090.2559923116
10090.3614955957
10090.4628777543
10090.5606312431
10090.654977978
10090.74532599
10090.8320008895
10090.9154875236
10090.9955189487
10091.0721697296
10091.1457826642
10091.2166413027
10091.2843013622
10091.3491917843
10091.4112739733
10091.4706811132
10091.5273327408
10091.5814279198
10091.633164206
10091.6826248177
10091.7298010054
10091.7747385548
10091.8176748219
10091.8584450114
10091.8971367596
10091.9338631632
10091.9688158568
11687.8761138959
13326.2345299051
13748.8503037804
13523.7132668562
13396.2812721855
13156.3433178457
12779.9747713863
12464.8633936163
12278.4527552579
12257.0068504712
12233.7233097418
12055.3352006557
11774.7567490542
11531.9775116553
11399.415270905
11357.9298725423
11342.7885392591
11309.8346684845
11258.9676219997
11211.8922775017
11184.8109927846
11179.4273497116
11188.1888187279
11202.8277263083
11218.688295906
11234.7269970385
11251.5885338354
11269.7930089733
11289.231426508
11309.2791052338
11329.1946095079
11348.4219835651
11366.7005876335
11383.9782699431
11400.3247719406
11415.92360822
11430.7641307805
11444.9471728277
11458.4884713795
11471.3952370105
11483.7922055367
11495.8098923729
11507.4098272097
11518.6529071195
11529.6422502664
11540.3357222568
11550.8865259763
11561.2753046477
11571.477834891
11581.5228814884
11591.3946260508
11601.1025312523
11610.6546726474
11620.174135696
11629.528185172
11638.8045055382
11647.9519940748
11657.060577759
11665.9755667831
11674.8341526141
11683.5210167001
11692.1246319287
11700.6670018369
11709.0784538205
11717.3579752682
11725.5642969861
11733.6068696933
11741.5745585646
11749.41058226
11757.2183618124
11764.871172585
11772.6031709892
11780.2031631874
11787.7423643417
11795.1158572996
11802.3477096528
11809.6171224824
11816.8557656367
11823.9583823457
11831.020808966
11837.8761771706
11844.7391051929
11851.5751740662
11858.3305778243
11865.0570963986
11871.870350915
11878.2833086098
11884.6669184002
11890.8384316741
11897.3924504187
11903.7132364589
11910.0900122707
11916.0842611284
11922.2978223521
11928.4201433141
11934.4959390542
11940.5258089353
11946.5404478522
11952.4430844127
11958.2917127342
11964.0807393981
11969.8170481525
11975.3949019615
11980.8112135762
11986.4869749429
11991.975322
11997.5822540422
12003.0736243918
12008.5468454123
12013.9182564209
12019.22464694
12024.5128189726
12029.602402394
12034.7081461415
12039.8667210512
12045.0000452805
12050.061918256
12054.8952388563
12059.9175314993
12064.8654609857
12069.7854384807
12074.6126774487
12079.381688858
12084.1082184114
12088.7931414356
12093.4391378417
12098.0489310795
12102.6215459825
12107.1538685227
12111.6490205025
12116.099802899
12120.5112458633
12124.8814817666
12129.2148751119
12133.5072302457
12137.762194903
12141.9812440076
12146.1645534932
12150.3062583027
12154.4119588901
12158.4842744465
12162.5194868417
12166.5183569285
12170.4828830188
12174.4089808518
12178.3019284387
12182.1605375914
12185.9860848299
12189.7743719046
12193.5301472114
12197.2547436484
12200.9447825246
12204.5982292313
12208.2264556568
12211.8183790616
12215.3748479498
12218.8999271321
12222.3953602188
12225.8648432496
12229.2988201126
12232.6989730974
12236.0694175519
12239.4111277782
12242.7241399721
12246.0052962147
12249.258169106
12252.4838928339
12255.6776865558
12258.8448658533
12261.9823672444
12265.0905881547
12268.1685421203
12271.2203034637
12274.2462782816
12277.2459737281
12280.216522615
12283.1609487673
12286.0827562608
12288.9736165076
12291.8377337413
12294.6768973964
12297.4910373457
12300.2799655884
12303.0450228699
12305.7854223033
12308.4998317838
12311.1903117892
12313.8549735052
12316.4962256367
12319.1154098639
12321.7099388581
12324.2803193221
12326.828427288
12329.3541401281
12331.8555482995
12334.3351681337
12336.7927458691
12339.2284375469
12341.6427979322
12344.0345749306
12346.4051025111
12348.7544508519
12351.0833805737
12353.3917230904
12355.6780231921
12357.9453163244
12360.1930386398
12362.4190463054
12364.6243151679
12366.8118001552
12368.9782886122
12371.1254959123
12373.253390497
12375.3642129324
12377.4545973207
12379.5260200299
12381.5800272162
12383.6159958263
12385.6323778579
12387.6310804158
12389.6124591818
12391.5768298836
12393.5238630295
12395.4533670068
12397.3657864162
12399.2614153607
12401.1396159672
12403.0012808705
12404.8465279902
12406.6767460376
12408.4895375386
12410.2862042001
12412.0671754055
12413.8324853962
12415.5825899159
12417.3176228079
12419.0356807565
12420.7392514416
12422.4287221256
12424.1025504678
12425.7610229159
12429.9458355063
12434.9975435294
12439.829207097
12444.2909210682
12448.1372383324
12451.1781983462
12453.3827095634
12454.7630542396
12455.4543237498
12455.6377633554
12455.4994637542
12455.1976705175
12454.8318768421
12454.4472378865
12454.0577769203
12453.6707949618
12453.2963606317
12452.9456740757
12452.6283297241
12452.3513295098
12452.1179257241
12451.9274652549
12451.7757228068
12451.6582316391
12451.569927316
12451.5054380722
12451.4601148004
12451.4299213918
12451.4109246884
12451.3994292641
12451.3926350685
12451.3883066492
12451.3847612187
12451.3797931718
12451.3724083118
12451.3622123194
12451.3488346187
12451.3322351876
12451.3122154722
12451.2884371254
12451.2610043597
12451.2304629124
12451.1969684561
12451.1609368259
12451.122855928
12451.0829131101
12451.0409130455
12450.9971347722
12450.9522838858
12450.9066564825
12450.8598900397
12450.8122984027
12450.764044419
12450.7153329937
12450.6662172792
12450.6169052459
12450.5676101907
12450.5183426728
12450.4689927409
12450.4196904832
12450.370592574
12450.3217257923
12450.2730894007
12450.2247243386
12450.1766541621
12450.1288783775
12450.0815329148
12450.0346568849
12449.9882703598
12449.9422990957
12449.8967600096
12449.8517760326
12449.8073451454
12449.7635459619
12449.7203955947
12449.6778624821
12449.6359645585
12449.5946964841
12449.554038416
12449.5140368704
12449.4747404759
12449.4361785215
12449.3983774974
12449.3613185528
12449.3249277763
12449.2891991424
12449.254198441
12449.2199234117
12449.1863441086
12449.1534486546
12449.1212816492
12449.0898558118
12449.0591508715
12449.029155053
12448.9998280934
12448.971168109
12448.9431854117
12448.9158514851
12448.8891646444
12448.8631367561
12448.837774632
12448.8130813479
12448.7890463105
12448.7656468748
12448.7428643331
12448.7206860071
12448.6991012988
12448.678110416
12448.6577017571
12448.6378579115
12448.6185704619
12448.5998419496
12448.5816663435
12448.5640366985
12448.5469266753
12448.530314721
12448.5141809017
12448.4985383949
12448.4833799457
12448.4686916575
12448.4544533332
12448.4406611092
12448.4273070699
12448.4143871683
12448.4018917038
12448.3898055227
12448.3781075268
12448.3667920308
12448.3558575056
12448.3452945242
12448.3350913535
12448.3252385739
12448.3157262367
12448.3065472534
12448.297696698
12448.2891629627
12448.2809362717
12448.2730059981
12448.2653633603
12448.2580095923
12448.2509289449
12448.2441114377
12448.2375540129
12448.231246493
12448.225181628
12448.2193526745
12448.2137582223
12448.2083860458
12448.2032288157
12448.1982813709
12448.1935344891
12448.1889877497
12448.1846319455
12448.1804594949
12448.1764637753
12448.1726391351
12448.1689816674
12448.1654823967
12448.1621486553
12448.1589679439
12448.1559296744
12448.1530310641
12448.1502711259
12448.1476385843
12448.1451323863
12448.1427514718
12448.1404893036
12448.1383421212
12448.1363030598
12448.1343689736
12448.1325371602
12448.1308030428
12448.1291654556
12448.1276169597
12448.12615417
12448.1247789655
12448.1234839021
12448.1222644481
12448.1211198717
12448.1200459001
12448.1190381113
12448.1180978696
12448.1172218164
12448.116407332
12448.1156493041
12448.1149482422
12448.1143008916
12448.1137065963
12448.1131599634
12448.1126579126
12448.1121991281
12448.111783647
12448.1114102879
12448.1110740238
12448.1107747539
12448.1105117243
12448.1102792178
12448.1100759249
12448.1099086222
12448.1097703354
12448.1096578204
12448.1095694555
12448.1095041699
12448.1094624452
12448.1094419942
12448.1094453768
12448.1094707158
12448.1095143577
12448.10957397
12448.1096481111
12448.1097360312
12448.1098379218
12448.1099543295
12448.1100836386
12448.1102233866
12448.1103751043
12448.1105369396
12448.1107084564
12448.1108900189
12448.111079042
12448.1112735919
12448.1114747805
12448.1116827364
12448.1118965007
12448.1121143582
12448.1123361903
12448.1125629627
12448.1127941101
12448.1130297237
12448.1132678557
12448.1135077641
12448.1137489582
12448.1139912595
12448.1142342214
12448.1144780273
12448.1147226227
12448.1149670609
12448.1152103973
12448.1154544371
12448.1156985434
12448.1159428184
12448.1161869108
12448.1164283137
12448.1166676161
12448.1169066195
12448.1171444717
12448.1173802584
12448.1176131177
12448.1178446283
12448.1180745438
12448.1183018248
12448.1185266218
12448.1187483565
12448.1189677454
12448.11918472
12448.1193982659
12448.1196081108
12448.1198161763
12448.1200214625
12448.1202230261
12448.1204213654
12448.1206172688
12448.120810076
12448.1209995537
12448.1211851482
12448.121368643
12448.121549017
12448.1217261194
12448.1218998235
12448.1220700355
12448.1222371049
12448.1224009779
12448.1225615867
12448.1227192081
12448.1228730504
12448.123023701
12448.123171494
12448.1233165631
12448.1234583977
12448.1235971628
12448.1237327928
12448.1238652262
12448.12399498
12448.124121369
12448.1242449992
12448.1243654963
12448.1244835268
12448.1245988178
12448.1247113431
12448.1248210714
12448.1249278514
12448.1250323092
12448.1251339782
12448.1252332533
12448.1253296812
12448.1254235837
12448.1255154319
12448.1256046467
12448.1256915907
12448.1257761678
12448.1258584516
12448.1259383729
12448.1260162292
12448.1260917104
12448.1261651897
12448.1262364676
12448.1263060379
12448.1263735161
12448.1264391402
12448.1265028653
12448.1265646089
12448.1266244305
12448.1266825464
12448.1267386669
12448.1267933274
12448.1268464483
12448.1268977055
12448.1269477061
12448.1269959377
12448.1270424829
12448.1270876607
12448.1271314508
12448.1271738454
12448.1272149645
12448.1272545677
12448.1272928342
12448.1273298139
12448.1273655116
12448.1274002586
12448.1274338851
12448.1274661341
12448.1274970361
12448.1275273903
12448.1275563818
12448.1275843846
12448.1276114197
12448.1276377278
12448.1276624836
12448.1276867098
12448.127709707
12448.1277327782
12448.1277543845
12448.1277749953
12448.1277949388
12448.1278143725
12448.1278329551
12448.127850748
12448.1278676685
12448.1278841879
12448.1278998261
12448.1279151074
12448.1279291359
12448.1279434014
12448.1279568713
12448.1279696101
12448.1279816348
12448.127993023
12448.1280043146
12448.1280153887
12448.1280255129
12448.128035321
12448.1280446895
12448.1280535642
12448.1280619678
12448.128070179
12448.1280777553
12448.1280852132
12448.1280921216
12448.1280986427
12448.128105421
12448.1281112299
12448.1281169972
12448.128122217
12448.1281272651
12448.1281324053
12448.1281369062
12448.1281412557
12448.1281452014
12448.1281490317
12448.1281525521
12448.1281560351
12448.1281592235
12448.1281624097
12448.1281650446
12448.1281677563
12448.1281702473
12448.1281725293
12448.1281745079
12448.1281765467
12448.1281783571
12448.128180013
12448.1281816189
12448.1281828659
12448.1281843293
12448.128185529
12448.1281866047
12448.1281874586
12448.1281882196
12448.1281889219
12448.1281897081
12448.1281903574
12448.1281907649
12448.1281912591
12448.1281915038
12448.1281915893
12448.1281919633
12448.1281923238
12448.1281919838
12448.1281920964
12448.1281922232
12448.1281920749
12448.1281918538
12448.1281917161
12448.1281913341
12448.1281910223
12448.1281908777
12448.1281904872
12448.1281903381
12448.1281899711
12448.128189308
12448.1281888984
12448.1281886081
12448.1281880972
12448.1281873805
12448.1281869103
12448.1281863241
12448.1281855693
12448.1281852926
12448.1281843317
12448.1281836678
12448.1281832506
12448.1281826639
12448.1281819266
12448.1281813861
12448.1281807536
12448.1281802065
12448.1281794329
12448.128178715
12448.1281781235
12448.1281774232
12448.1281766732
12448.1281758173
12448.1281755853
12448.1281750642
12448.1281740892
12448.1281733822
12448.1281727332
12448.1281724168
12448.1281718212
12448.1281710527
12448.128170186
12448.1281697375
12448.1281691285
12448.128168531
12448.1281677188
12448.1281670613
12448.1281666758
12448.1281660354
12448.1281654335
12448.1281646898
12448.1281641459
12448.1281639407
12448.12816326
12448.1281626434
12448.1281623828
12448.1281617698
12448.1281611258
12448.1281606048
12448.1281601026
12448.128159731
12448.1281590184
12448.1281586656
12448.1281583693
12448.1281581185
12448.1281573529
12448.1281568421
12448.1281565571
12448.128156175
12448.1281556102
12448.1281551817
12448.1281548565
12448.1281545494
12448.1281541059
12448.1281537214
12448.1281534072
12448.1281530266
12448.1281526476
12448.1281525269
12448.1281519829
12448.1281516482
12448.1281512829
12448.1281509325
12448.1281507727
12448.1281502843
12448.1281500459
12448.1281497718
12448.1281496788
12448.1281496529
12448.1281492086
12448.1281490594
12448.1281487999
12448.1281486205
12448.1281483015
12448.1281481469
12448.1281476734
12448.1281475408
12448.1281472901
12448.1281469746
12448.1281469268
12448.1281468003
